# Übung 5, Aufgabe 2, signal 1
# t (s), amplitude (mV)
0.0000000000 53.5109694242
0.0002000000 53.5119061353
0.0004000000 53.4947653576
0.0006000000 53.4979994733
0.0008000000 53.4740392394
0.0010000000 53.5048736776
0.0012000000 53.4868834430
0.0014000000 53.4650637614
0.0016000000 53.4785186882
0.0018000000 53.4627471306
0.0020000000 53.5209612298
0.0022000000 53.4409812200
0.0024000000 53.4759661452
0.0026000000 53.5187396278
0.0028000000 53.4786571230
0.0030000000 53.4930684529
0.0032000000 53.5204876566
0.0034000000 53.5119084827
0.0036000000 53.5008632830
0.0038000000 53.5070778091
0.0040000000 53.4838028582
0.0042000000 53.4562402709
0.0044000000 53.4709482894
0.0046000000 53.5150138333
0.0048000000 53.4500466466
0.0050000000 53.5068654694
0.0052000000 53.5191305974
0.0054000000 53.4826322985
0.0056000000 53.4516850350
0.0058000000 53.4867977217
0.0060000000 53.5123060252
0.0062000000 53.5191300886
0.0064000000 53.4459206819
0.0066000000 53.4671516400
0.0068000000 53.4908219356
0.0070000000 53.4744186540
0.0072000000 53.5082782865
0.0074000000 53.4719095809
0.0076000000 53.5196213520
0.0078000000 53.5140719890
0.0080000000 53.4545281515
0.0082000000 53.5123573380
0.0084000000 53.4914271528
0.0086000000 53.4960764075
0.0088000000 53.5145790649
0.0090000000 53.5169072618
0.0092000000 53.4844032345
0.0094000000 53.4863473971
0.0096000000 53.4957653765
0.0098000000 53.4541429499
0.0100000000 53.5144141334
0.0102000000 53.4858099538
0.0104000000 53.4759127862
0.0106000000 53.5115466038
0.0108000000 53.4867775435
0.0110000000 53.4797560721
0.0112000000 53.4552853426
0.0114000000 53.4874672961
0.0116000000 53.5064165146
0.0118000000 53.5060930095
0.0120000000 53.4844895501
0.0122000000 53.5026735896
0.0124000000 53.4735925938
0.0126000000 53.5060332627
0.0128000000 53.4929560308
0.0130000000 53.5155560519
0.0132000000 53.5122906781
0.0134000000 53.4535495878
0.0136000000 53.5029401676
0.0138000000 53.4925106991
0.0140000000 53.5027440485
0.0142000000 53.4622293224
0.0144000000 53.4870225028
0.0146000000 53.4677750355
0.0148000000 53.4767438963
0.0150000000 53.4519614953
0.0152000000 53.5137855198
0.0154000000 53.4448670588
0.0156000000 53.4831981449
0.0158000000 53.5123797360
0.0160000000 53.5101912296
0.0162000000 53.4834153712
0.0164000000 53.5037137490
0.0166000000 53.4810479354
0.0168000000 53.5205821796
0.0170000000 53.4764229094
0.0172000000 53.4410552213
0.0174000000 53.5182691716
0.0176000000 53.4664510061
0.0178000000 53.4492704278
0.0180000000 53.5058224747
0.0182000000 53.5148100177
0.0184000000 53.5216313767
0.0186000000 53.4487310069
0.0188000000 53.5154085622
0.0190000000 53.4949712899
0.0192000000 53.4485132139
0.0194000000 53.4854295553
0.0196000000 53.4561790717
0.0198000000 53.4413459578
0.0200000000 53.4528365359
0.0202000000 53.5070943513
0.0204000000 53.5060275852
0.0206000000 53.4909732844
0.0208000000 53.4835234708
0.0210000000 53.4662197835
0.0212000000 53.4576678099
0.0214000000 53.4412357782
0.0216000000 53.4865964414
0.0218000000 53.4868860793
0.0220000000 53.4728727751
0.0222000000 53.5114323925
0.0224000000 53.4857084536
0.0226000000 53.5206570210
0.0228000000 53.4673698490
0.0230000000 53.5012788869
0.0232000000 53.4605765672
0.0234000000 53.4474133406
0.0236000000 53.4819656976
0.0238000000 53.4991569949
0.0240000000 53.5058251941
0.0242000000 53.4983983242
0.0244000000 53.5168510770
0.0246000000 53.4669527243
0.0248000000 53.4740059104
0.0250000000 53.4530797939
0.0252000000 53.4745676669
0.0254000000 53.5040550907
0.0256000000 53.5117867188
0.0258000000 53.5086112715
0.0260000000 53.4809689077
0.0262000000 53.5049266399
0.0264000000 53.4605648390
0.0266000000 53.4908446092
0.0268000000 53.5095783893
0.0270000000 53.5141914190
0.0272000000 53.4961543004
0.0274000000 53.5210864509
0.0276000000 53.4868494855
0.0278000000 53.4406852212
0.0280000000 53.4430273359
0.0282000000 53.5047625960
0.0284000000 53.4759521521
0.0286000000 53.4932247352
0.0288000000 53.4588871883
0.0290000000 53.4695869264
0.0292000000 53.5143177221
0.0294000000 53.5110059993
0.0296000000 53.4761867757
0.0298000000 53.4549624389
0.0300000000 53.5140067825
0.0302000000 53.4712479659
0.0304000000 53.5035967052
0.0306000000 53.4755894932
0.0308000000 53.4775740014
0.0310000000 53.4745452277
0.0312000000 53.4548571770
0.0314000000 53.4484142758
0.0316000000 53.5145452233
0.0318000000 53.4767940663
0.0320000000 53.4657975599
0.0322000000 53.4724751862
0.0324000000 53.4814710698
0.0326000000 53.4619265018
0.0328000000 53.4423442126
0.0330000000 53.4605499865
0.0332000000 53.4833026341
0.0334000000 53.4645810200
0.0336000000 53.5088290712
0.0338000000 53.5113677159
0.0340000000 53.4851298724
0.0342000000 53.5086831684
0.0344000000 53.5069047561
0.0346000000 53.4935510266
0.0348000000 53.4476876406
0.0350000000 53.4969166073
0.0352000000 53.5025590144
0.0354000000 53.4942019312
0.0356000000 53.4450902500
0.0358000000 53.5118608963
0.0360000000 53.4923576848
0.0362000000 53.5122944094
0.0364000000 53.5049504671
0.0366000000 53.4429407800
0.0368000000 53.4533278329
0.0370000000 53.4720675289
0.0372000000 53.4768642287
0.0374000000 53.5039994223
0.0376000000 53.4956270145
0.0378000000 53.4715952911
0.0380000000 53.4890780096
0.0382000000 53.4630052465
0.0384000000 53.5034269353
0.0386000000 53.4939992059
0.0388000000 53.4838498491
0.0390000000 53.4988234469
0.0392000000 53.4603688000
0.0394000000 53.5090197814
0.0396000000 53.4907065981
0.0398000000 53.4878269168
0.0400000000 53.4878179703
0.0402000000 53.4626433427
0.0404000000 53.4750552311
0.0406000000 53.4850589172
0.0408000000 53.5006484020
0.0410000000 53.4718512288
0.0412000000 53.4868115131
0.0414000000 53.5093629746
0.0416000000 53.4947513071
0.0418000000 53.4546152607
0.0420000000 53.4813204427
0.0422000000 53.4765483192
0.0424000000 53.5027739536
0.0426000000 53.4665711034
0.0428000000 53.4922528868
0.0430000000 53.4624057922
0.0432000000 53.4882164853
0.0434000000 53.4677144657
0.0436000000 53.5183772096
0.0438000000 53.4981716250
0.0440000000 53.5198696485
0.0442000000 53.4902050572
0.0444000000 53.4589265094
0.0446000000 53.4949450132
0.0448000000 53.4803292956
0.0450000000 53.4583243108
0.0452000000 53.4918432320
0.0454000000 53.4897638249
0.0456000000 53.5089782309
0.0458000000 53.4448739026
0.0460000000 53.4776775573
0.0462000000 53.4486177864
0.0464000000 53.4623284672
0.0466000000 53.4478916815
0.0468000000 53.4719812259
0.0470000000 53.4910785678
0.0472000000 53.5223478889
0.0474000000 53.4427961518
0.0476000000 53.4749158425
0.0478000000 53.4422395062
0.0480000000 53.4422419897
0.0482000000 53.4882676627
0.0484000000 53.4730755767
0.0486000000 53.4985110500
0.0488000000 53.4429475490
0.0490000000 53.5008645263
0.0492000000 53.4553900171
0.0494000000 53.4418079012
0.0496000000 53.4447813559
0.0498000000 53.5134623865
0.0500000000 53.4805521071
0.0502000000 53.4549543824
0.0504000000 53.4963875029
0.0506000000 53.5197767844
0.0508000000 53.5087736266
0.0510000000 53.5004716529
0.0512000000 53.4938350535
0.0514000000 53.4946344312
0.0516000000 53.4732641447
0.0518000000 53.4636362741
0.0520000000 53.4577178759
0.0522000000 53.4943807113
0.0524000000 53.5150746648
0.0526000000 53.5202772141
0.0528000000 53.4669249482
0.0530000000 53.4914340320
0.0532000000 53.4696738917
0.0534000000 53.4891754431
0.0536000000 53.4517975614
0.0538000000 53.4462334371
0.0540000000 53.4961918944
0.0542000000 53.4597515391
0.0544000000 53.4481534060
0.0546000000 53.5041871711
0.0548000000 53.4815436902
0.0550000000 53.4487359862
0.0552000000 53.5103018067
0.0554000000 53.4613246302
0.0556000000 53.5085942137
0.0558000000 53.5197194027
0.0560000000 53.5041499250
0.0562000000 53.4496439661
0.0564000000 53.4976162568
0.0566000000 53.4636663766
0.0568000000 53.4549301494
0.0570000000 53.4878445214
0.0572000000 53.4748540170
0.0574000000 53.4672681079
0.0576000000 53.5011097933
0.0578000000 53.4643047208
0.0580000000 53.4898990487
0.0582000000 53.4703000522
0.0584000000 53.4474906869
0.0586000000 53.4819308345
0.0588000000 53.4561501722
0.0590000000 53.5102262409
0.0592000000 53.4979125565
0.0594000000 53.4453364368
0.0596000000 53.4953439721
0.0598000000 53.4505793615
0.0600000000 53.4442031048
0.0602000000 53.4868447050
0.0604000000 53.4766840403
0.0606000000 53.4540546183
0.0608000000 53.4650356851
0.0610000000 53.4530053257
0.0612000000 53.4699473029
0.0614000000 53.4528307746
0.0616000000 53.4958973005
0.0618000000 53.4841121028
0.0620000000 53.4821381376
0.0622000000 53.4720788068
0.0624000000 53.4505126722
0.0626000000 53.4817892637
0.0628000000 53.5071494583
0.0630000000 53.4432145115
0.0632000000 53.4955435341
0.0634000000 53.5198086129
0.0636000000 53.4618336244
0.0638000000 53.4918371502
0.0640000000 53.5126756369
0.0642000000 53.4681852638
0.0644000000 53.5123709357
0.0646000000 53.4459299484
0.0648000000 53.4743736442
0.0650000000 53.4961579041
0.0652000000 53.4566353891
0.0654000000 53.5020158076
0.0656000000 53.4864528176
0.0658000000 53.4962468292
0.0660000000 53.4671732213
0.0662000000 53.4855866623
0.0664000000 53.4929505593
0.0666000000 53.4431967791
0.0668000000 53.5069821555
0.0670000000 53.4951296464
0.0672000000 53.4801522956
0.0674000000 53.4593800933
0.0676000000 53.4414694190
0.0678000000 53.4819614688
0.0680000000 53.4943066064
0.0682000000 53.4939853348
0.0684000000 53.4781423403
0.0686000000 53.4503110367
0.0688000000 53.4548028180
0.0690000000 53.5192646017
0.0692000000 53.5043560269
0.0694000000 53.4821055648
0.0696000000 53.4630326173
0.0698000000 53.4857239415
0.0700000000 53.4425200183
0.0702000000 53.4656442155
0.0704000000 53.5150969751
0.0706000000 53.5015852709
0.0708000000 53.4509264231
0.0710000000 53.5175611794
0.0712000000 53.4583545881
0.0714000000 53.5138686538
0.0716000000 53.4665018957
0.0718000000 53.4968631141
0.0720000000 53.4801775608
0.0722000000 53.4485627536
0.0724000000 53.5218679101
0.0726000000 53.4837299915
0.0728000000 53.5100288618
0.0730000000 53.4426019833
0.0732000000 53.4719441265
0.0734000000 53.4724859453
0.0736000000 53.5104511621
0.0738000000 53.5032915057
0.0740000000 53.4866013238
0.0742000000 53.4554302589
0.0744000000 53.4725633755
0.0746000000 53.4628473507
0.0748000000 53.4675274287
0.0750000000 53.5052977045
0.0752000000 53.4473565432
0.0754000000 53.5039809106
0.0756000000 53.4425060595
0.0758000000 53.4472509168
0.0760000000 53.4950029435
0.0762000000 53.4645065983
0.0764000000 53.5031219811
0.0766000000 53.4473949200
0.0768000000 53.5159944721
0.0770000000 53.4529190475
0.0772000000 53.4846802137
0.0774000000 53.4974403913
0.0776000000 53.4693725926
0.0778000000 53.4675119021
0.0780000000 53.4447022514
0.0782000000 53.4819585551
0.0784000000 53.4683048305
0.0786000000 53.4697226573
0.0788000000 53.4831137887
0.0790000000 53.5055279051
0.0792000000 53.5063862436
0.0794000000 53.4870490061
0.0796000000 53.4513433130
0.0798000000 53.5159033694
0.0800000000 53.4901393572
0.0802000000 53.4530518774
0.0804000000 53.4486958185
0.0806000000 53.4504521319
0.0808000000 53.4466913679
0.0810000000 53.4740104170
0.0812000000 53.5103546250
0.0814000000 53.5145096327
0.0816000000 53.4969185520
0.0818000000 53.4918004983
0.0820000000 53.4551714564
0.0822000000 53.4626165561
0.0824000000 53.4675929890
0.0826000000 53.4925673385
0.0828000000 53.4587771812
0.0830000000 53.4844850930
0.0832000000 53.4732479040
0.0834000000 53.5127236018
0.0836000000 53.4678110668
0.0838000000 53.4552926685
0.0840000000 53.4493391407
0.0842000000 53.4653081377
0.0844000000 53.4780105250
0.0846000000 53.4628322463
0.0848000000 53.4829250540
0.0850000000 53.4762279456
0.0852000000 53.4596893573
0.0854000000 53.4455468912
0.0856000000 53.5024642016
0.0858000000 53.5090550467
0.0860000000 53.4614084259
0.0862000000 53.5074027604
0.0864000000 53.4457724907
0.0866000000 53.5127693841
0.0868000000 53.5151530948
0.0870000000 53.4753807635
0.0872000000 53.4592225913
0.0874000000 53.4897378408
0.0876000000 53.4520794273
0.0878000000 53.4761113749
0.0880000000 53.4598454987
0.0882000000 53.5187773331
0.0884000000 53.5107015002
0.0886000000 53.4514006641
0.0888000000 53.4619726556
0.0890000000 53.4659634954
0.0892000000 53.5025235504
0.0894000000 53.4447329322
0.0896000000 53.4479516280
0.0898000000 53.5078677303
0.0900000000 53.4605353996
0.0902000000 53.4928888761
0.0904000000 53.4875943634
0.0906000000 53.4838349227
0.0908000000 53.4875196332
0.0910000000 53.5165239997
0.0912000000 53.5014171045
0.0914000000 53.4846477034
0.0916000000 53.4954047621
0.0918000000 53.4744357567
0.0920000000 53.5187277084
0.0922000000 53.5223067751
0.0924000000 53.5215249395
0.0926000000 53.4615498393
0.0928000000 53.4738067663
0.0930000000 53.4880892408
0.0932000000 53.4412870710
0.0934000000 53.5070694417
0.0936000000 53.4929318854
0.0938000000 53.4906877668
0.0940000000 53.4999685396
0.0942000000 53.4650104965
0.0944000000 53.4771526305
0.0946000000 53.4621498592
0.0948000000 53.4860090738
0.0950000000 53.5163015411
0.0952000000 53.4770684562
0.0954000000 53.4690242348
0.0956000000 53.4552066932
0.0958000000 53.5091918234
0.0960000000 53.4976169210
0.0962000000 53.4656127245
0.0964000000 53.4995784575
0.0966000000 53.4562173763
0.0968000000 53.4488150191
0.0970000000 53.4485711462
0.0972000000 53.4803944692
0.0974000000 53.4809764048
0.0976000000 53.5005776925
0.0978000000 53.5152415449
0.0980000000 53.4407279834
0.0982000000 53.5114448400
0.0984000000 53.4996001405
0.0986000000 53.4677570266
0.0988000000 53.5169762251
0.0990000000 53.4506343117
0.0992000000 53.4909625974
0.0994000000 53.4803910779
0.0996000000 53.4452915201
0.0998000000 53.4457018411
0.1000000000 53.4751315819
0.1002000000 53.4409912739
0.1004000000 53.4833357653
0.1006000000 53.4457098561
0.1008000000 53.4753209292
0.1010000000 53.5106044049
0.1012000000 53.4743170422
0.1014000000 53.4812421270
0.1016000000 53.4782253959
0.1018000000 53.4564504911
0.1020000000 53.5179452856
0.1022000000 53.5118581268
0.1024000000 53.5107420473
0.1026000000 53.4708856380
0.1028000000 53.4429864790
0.1030000000 53.5196160547
0.1032000000 53.5043409036
0.1034000000 53.4643322147
0.1036000000 53.4847371772
0.1038000000 53.5073297399
0.1040000000 53.4479607093
0.1042000000 53.4843643877
0.1044000000 53.4667921175
0.1046000000 53.4504774331
0.1048000000 53.4748974273
0.1050000000 53.4880931275
0.1052000000 53.5106722616
0.1054000000 53.4585317488
0.1056000000 53.4949719085
0.1058000000 53.4527571252
0.1060000000 53.5159202807
0.1062000000 53.5028467242
0.1064000000 53.4725664534
0.1066000000 53.4436707868
0.1068000000 53.4486586882
0.1070000000 53.4741852671
0.1072000000 53.4543134233
0.1074000000 53.4670074416
0.1076000000 53.4867775414
0.1078000000 53.4976766501
0.1080000000 53.5009197595
0.1082000000 53.4583386490
0.1084000000 53.4937223128
0.1086000000 53.4966123452
0.1088000000 53.4571300539
0.1090000000 53.5074486573
0.1092000000 53.5062633210
0.1094000000 53.4451530156
0.1096000000 53.4830398620
0.1098000000 53.5008987164
0.1100000000 53.4820627061
0.1102000000 53.4517491773
0.1104000000 53.5000813878
0.1106000000 53.4849798580
0.1108000000 53.4448201515
0.1110000000 53.5096132649
0.1112000000 53.4686062247
0.1114000000 53.4417903459
0.1116000000 53.5033277104
0.1118000000 53.4475826485
0.1120000000 53.4536851999
0.1122000000 53.5169465240
0.1124000000 53.4813820512
0.1126000000 53.4482054671
0.1128000000 53.4716944254
0.1130000000 53.4505320439
0.1132000000 53.5206416379
0.1134000000 53.4473646909
0.1136000000 53.4738355091
0.1138000000 53.5125900343
0.1140000000 53.4827172418
0.1142000000 53.5210307819
0.1144000000 53.4515917795
0.1146000000 53.4637876055
0.1148000000 53.5222717652
0.1150000000 53.4453808099
0.1152000000 53.5109641056
0.1154000000 53.4499463003
0.1156000000 53.5163746104
0.1158000000 53.4609962546
0.1160000000 53.4621573333
0.1162000000 53.4653977390
0.1164000000 53.5072539749
0.1166000000 53.5153838677
0.1168000000 53.4563569422
0.1170000000 53.4769984455
0.1172000000 53.4599965563
0.1174000000 53.5150174263
0.1176000000 53.4562810557
0.1178000000 53.4443121722
0.1180000000 53.5088373637
0.1182000000 53.4915792447
0.1184000000 53.4423062128
0.1186000000 53.4606763565
0.1188000000 53.5155668496
0.1190000000 53.4437175125
0.1192000000 53.5150128216
0.1194000000 53.5205030848
0.1196000000 53.4934316362
0.1198000000 53.4895514373
0.1200000000 53.5037551503
0.1202000000 53.4646229653
0.1204000000 53.5111089874
0.1206000000 53.5013290244
0.1208000000 53.4924889601
0.1210000000 53.4419009845
0.1212000000 53.5077557635
0.1214000000 53.4834878370
0.1216000000 53.4977843954
0.1218000000 53.4626808205
0.1220000000 53.4576025663
0.1222000000 53.4926916305
0.1224000000 53.4431919080
0.1226000000 53.5106174446
0.1228000000 53.4830882040
0.1230000000 53.5064792991
0.1232000000 53.5056380409
0.1234000000 53.5112736611
0.1236000000 53.4424021024
0.1238000000 53.4597510000
0.1240000000 53.4522388063
0.1242000000 53.4886695899
0.1244000000 53.5056824622
0.1246000000 53.4991178527
0.1248000000 53.5104275437
0.1250000000 53.4921838953
0.1252000000 53.4722157129
0.1254000000 53.4818550013
0.1256000000 53.4498618701
0.1258000000 53.4587197144
0.1260000000 53.4482356153
0.1262000000 53.5218460553
0.1264000000 53.4601492005
0.1266000000 53.4582843100
0.1268000000 53.4443209611
0.1270000000 53.4673483100
0.1272000000 53.5075583585
0.1274000000 53.4588315354
0.1276000000 53.4893335230
0.1278000000 53.5181214349
0.1280000000 53.5186310627
0.1282000000 53.4857837128
0.1284000000 53.4803267813
0.1286000000 53.4932015413
0.1288000000 53.4895681598
0.1290000000 53.4447127514
0.1292000000 53.5160347028
0.1294000000 53.4524792121
0.1296000000 53.4695964129
0.1298000000 53.4788748318
0.1300000000 53.4965905906
0.1302000000 53.4744304873
0.1304000000 53.5113676629
0.1306000000 53.4673849017
0.1308000000 53.4517277622
0.1310000000 53.4490523511
0.1312000000 53.4880769606
0.1314000000 53.4939056947
0.1316000000 53.4560357336
0.1318000000 53.5115988244
0.1320000000 53.4913704974
0.1322000000 53.4463688507
0.1324000000 53.4940039179
0.1326000000 53.5050900873
0.1328000000 53.5191436895
0.1330000000 53.4644324969
0.1332000000 53.4820366084
0.1334000000 53.4989683512
0.1336000000 53.5102767612
0.1338000000 53.4552320269
0.1340000000 53.4752105534
0.1342000000 53.4473341976
0.1344000000 53.4819110443
0.1346000000 53.5210831954
0.1348000000 53.4999239956
0.1350000000 53.4860103137
0.1352000000 53.5177190468
0.1354000000 53.4540162828
0.1356000000 53.4519980922
0.1358000000 53.4907882166
0.1360000000 53.4405780628
0.1362000000 53.4639494654
0.1364000000 53.4517849325
0.1366000000 53.5214429997
0.1368000000 53.4666780959
0.1370000000 53.4932080085
0.1372000000 53.4546404092
0.1374000000 53.5214673337
0.1376000000 53.4430356907
0.1378000000 53.4589805401
0.1380000000 53.4880222614
0.1382000000 53.4524240936
0.1384000000 53.5023381459
0.1386000000 53.5022188736
0.1388000000 53.4556010083
0.1390000000 53.4819344584
0.1392000000 53.4724125796
0.1394000000 53.5148300589
0.1396000000 53.4683303821
0.1398000000 53.4931293433
0.1400000000 53.4575567168
0.1402000000 53.4592598197
0.1404000000 53.4548641976
0.1406000000 53.5065981891
0.1408000000 53.4661022736
0.1410000000 53.4745059585
0.1412000000 53.4626100054
0.1414000000 53.4966721285
0.1416000000 53.4594494910
0.1418000000 53.4771565627
0.1420000000 53.4474640044
0.1422000000 53.4432132650
0.1424000000 53.4812993062
0.1426000000 53.4827432249
0.1428000000 53.4811559885
0.1430000000 53.4695830951
0.1432000000 53.5164173102
0.1434000000 53.4637704727
0.1436000000 53.4552773440
0.1438000000 53.4669047218
0.1440000000 53.4905866883
0.1442000000 53.5112338371
0.1444000000 53.4761643535
0.1446000000 53.4713334106
0.1448000000 53.4959983789
0.1450000000 53.4545505971
0.1452000000 53.4485679897
0.1454000000 53.4825756215
0.1456000000 53.4734027234
0.1458000000 53.4649854917
0.1460000000 53.4661229868
0.1462000000 53.4626050246
0.1464000000 53.5136283999
0.1466000000 53.5114694462
0.1468000000 53.4613540531
0.1470000000 53.4584553825
0.1472000000 53.4444273726
0.1474000000 53.5090690115
0.1476000000 53.4714161040
0.1478000000 53.4600929739
0.1480000000 53.5136960282
0.1482000000 53.4410258478
0.1484000000 53.4457428897
0.1486000000 53.4771441566
0.1488000000 53.4451397937
0.1490000000 53.4645126562
0.1492000000 53.4926394807
0.1494000000 53.4924300389
0.1496000000 53.4929489537
0.1498000000 53.5105319087
0.1500000000 53.4431605516
0.1502000000 53.4814616473
0.1504000000 53.4518885550
0.1506000000 53.4420903818
0.1508000000 53.4786546583
0.1510000000 53.5137905495
0.1512000000 53.4934569659
0.1514000000 53.5088804053
0.1516000000 53.4687263676
0.1518000000 53.5117950304
0.1520000000 53.4412398016
0.1522000000 53.5120667947
0.1524000000 53.4664378494
0.1526000000 53.5053843149
0.1528000000 53.4409394560
0.1530000000 53.4584258833
0.1532000000 53.4415758708
0.1534000000 53.4522405289
0.1536000000 53.4866013672
0.1538000000 53.4969809691
0.1540000000 53.4881704851
0.1542000000 53.4740299540
0.1544000000 53.4466638231
0.1546000000 53.4512989018
0.1548000000 53.5172949629
0.1550000000 53.5135687902
0.1552000000 53.5084683413
0.1554000000 53.5117400353
0.1556000000 53.4675105658
0.1558000000 53.4843336616
0.1560000000 53.5070981926
0.1562000000 53.4637472309
0.1564000000 53.5058945139
0.1566000000 53.5017040107
0.1568000000 53.4471771594
0.1570000000 53.4836161262
0.1572000000 53.4798371437
0.1574000000 53.4831035815
0.1576000000 53.4892073623
0.1578000000 53.4454976715
0.1580000000 53.5031406633
0.1582000000 53.5096177847
0.1584000000 53.4422199602
0.1586000000 53.4651645702
0.1588000000 53.4454982596
0.1590000000 53.5139847109
0.1592000000 53.4868989312
0.1594000000 53.4913106724
0.1596000000 53.4951836577
0.1598000000 53.4608975459
0.1600000000 53.5159187651
0.1602000000 53.4807857017
0.1604000000 53.5074439336
0.1606000000 53.4584777101
0.1608000000 53.5172130969
0.1610000000 53.5029785990
0.1612000000 53.4625365610
0.1614000000 53.4641163685
0.1616000000 53.5050732671
0.1618000000 53.4670174037
0.1620000000 53.4534313929
0.1622000000 53.4412795377
0.1624000000 53.4796080602
0.1626000000 53.4417076786
0.1628000000 53.4797540484
0.1630000000 53.4646964168
0.1632000000 53.4736397772
0.1634000000 53.4941758461
0.1636000000 53.5090023029
0.1638000000 53.5220187039
0.1640000000 53.5028643778
0.1642000000 53.4799285446
0.1644000000 53.4540574497
0.1646000000 53.4553694406
0.1648000000 53.4819456285
0.1650000000 53.4429973889
0.1652000000 53.4917535509
0.1654000000 53.4451523395
0.1656000000 53.4658095260
0.1658000000 53.4788786401
0.1660000000 53.5193680898
0.1662000000 53.4911195465
0.1664000000 53.4673364301
0.1666000000 53.4461796896
0.1668000000 53.4905362783
0.1670000000 53.4758216312
0.1672000000 53.4965852102
0.1674000000 53.5027509694
0.1676000000 53.4432946267
0.1678000000 53.4432237258
0.1680000000 53.4574139924
0.1682000000 53.4488365823
0.1684000000 53.5199057711
0.1686000000 53.5126000418
0.1688000000 53.4658065479
0.1690000000 53.5152168627
0.1692000000 53.4916180901
0.1694000000 53.4428044226
0.1696000000 53.4575776508
0.1698000000 53.5023953623
0.1700000000 53.4696423318
0.1702000000 53.4895906672
0.1704000000 53.5028397346
0.1706000000 53.4990631023
0.1708000000 53.4466040587
0.1710000000 53.4542693455
0.1712000000 53.4528036782
0.1714000000 53.5120679332
0.1716000000 53.4699702717
0.1718000000 53.5015572304
0.1720000000 53.5103849292
0.1722000000 53.4463257227
0.1724000000 53.4543494053
0.1726000000 53.4464394346
0.1728000000 53.4944020079
0.1730000000 53.4744166350
0.1732000000 53.4759677626
0.1734000000 53.4689900211
0.1736000000 53.5139385434
0.1738000000 53.5039133032
0.1740000000 53.5087457075
0.1742000000 53.4601335850
0.1744000000 53.4652000984
0.1746000000 53.4477408802
0.1748000000 53.4453873598
0.1750000000 53.4608807221
0.1752000000 53.5199682153
0.1754000000 53.5175996248
0.1756000000 53.5001298389
0.1758000000 53.4485069937
0.1760000000 53.4823557334
0.1762000000 53.4417253402
0.1764000000 53.5026718973
0.1766000000 53.4987389377
0.1768000000 53.4689826052
0.1770000000 53.5004106333
0.1772000000 53.4430373956
0.1774000000 53.4424571292
0.1776000000 53.5105302250
0.1778000000 53.4708337999
0.1780000000 53.4525355075
0.1782000000 53.4644171763
0.1784000000 53.4739040522
0.1786000000 53.4937962371
0.1788000000 53.4918679464
0.1790000000 53.4556488996
0.1792000000 53.4621018768
0.1794000000 53.4822502246
0.1796000000 53.4560294617
0.1798000000 53.4940831264
0.1800000000 53.5033603713
0.1802000000 53.5185424232
0.1804000000 53.5018082757
0.1806000000 53.4792372223
0.1808000000 53.5009146833
0.1810000000 53.4817436538
0.1812000000 53.4593914025
0.1814000000 53.4873247508
0.1816000000 53.4674809621
0.1818000000 53.4755386680
0.1820000000 53.4969149398
0.1822000000 53.4623033561
0.1824000000 53.4692218345
0.1826000000 53.4777073394
0.1828000000 53.4856127350
0.1830000000 53.5222439827
0.1832000000 53.4822650549
0.1834000000 53.5180755952
0.1836000000 53.4867445757
0.1838000000 53.5020139887
0.1840000000 53.4546508450
0.1842000000 53.4879663863
0.1844000000 53.5075582064
0.1846000000 53.4523479521
0.1848000000 53.4437971015
0.1850000000 53.4878600907
0.1852000000 53.5002915409
0.1854000000 53.4511472378
0.1856000000 53.5121022187
0.1858000000 53.4558836651
0.1860000000 53.4964089260
0.1862000000 53.4999286651
0.1864000000 53.4438306830
0.1866000000 53.5004986376
0.1868000000 53.4603938798
0.1870000000 53.4992057687
0.1872000000 53.4562998618
0.1874000000 53.5188401322
0.1876000000 53.4850721966
0.1878000000 53.4605735605
0.1880000000 53.4652403810
0.1882000000 53.4594941773
0.1884000000 53.4939436553
0.1886000000 53.5039127357
0.1888000000 53.4545081712
0.1890000000 53.4743164621
0.1892000000 53.4843122896
0.1894000000 53.4531670138
0.1896000000 53.4455938855
0.1898000000 53.4828860282
0.1900000000 53.4539512365
0.1902000000 53.5134870054
0.1904000000 53.4649009037
0.1906000000 53.5082964928
0.1908000000 53.4581368066
0.1910000000 53.4990104551
0.1912000000 53.4767761529
0.1914000000 53.5033496181
0.1916000000 53.5036392066
0.1918000000 53.4810637473
0.1920000000 53.4840897069
0.1922000000 53.4814902960
0.1924000000 53.4525557561
0.1926000000 53.4762580505
0.1928000000 53.4678603573
0.1930000000 53.4821290821
0.1932000000 53.4533250635
0.1934000000 53.4778516857
0.1936000000 53.5036880721
0.1938000000 53.4920716570
0.1940000000 53.4994416660
0.1942000000 53.4625344976
0.1944000000 53.4588767981
0.1946000000 53.4968258994
0.1948000000 53.4920467449
0.1950000000 53.4476150663
0.1952000000 53.4781970313
0.1954000000 53.4818404811
0.1956000000 53.4853758090
0.1958000000 53.4987614306
0.1960000000 53.4814261527
0.1962000000 53.4483554060
0.1964000000 53.4807376351
0.1966000000 53.5066484984
0.1968000000 53.5037217953
0.1970000000 53.4653465102
0.1972000000 53.4960759953
0.1974000000 53.4707761786
0.1976000000 53.5038714901
0.1978000000 53.5186131073
0.1980000000 53.4864460075
0.1982000000 53.4844577550
0.1984000000 53.4620692823
0.1986000000 53.4755131321
0.1988000000 53.4744296035
0.1990000000 53.4483596998
0.1992000000 53.5183645334
0.1994000000 53.4823334031
0.1996000000 53.4423259027
0.1998000000 53.4872389106
