# Übung 5, Aufgabe 2, signal 2
# t (s), amplitude (mV)
0.0000000000 22.1252209664
0.0007000000 21.9873090368
0.0014000000 21.6438025970
0.0021000000 25.0242377622
0.0028000000 23.2185095804
0.0035000000 24.0541362597
0.0042000000 24.6357387087
0.0049000000 23.6277880644
0.0056000000 23.6332733608
0.0063000000 25.3994577233
0.0070000000 26.5206211129
0.0077000000 25.3191626046
0.0084000000 24.7321340269
0.0091000000 24.3768501389
0.0098000000 22.4827082450
0.0105000000 21.2580862883
0.0112000000 19.9689461744
0.0119000000 18.7143993486
0.0126000000 20.0582518557
0.0133000000 16.5829096665
0.0140000000 18.2431021356
0.0147000000 13.9016641022
0.0154000000 12.3947818282
0.0161000000 12.9372516559
0.0168000000 9.5418882946
0.0175000000 9.5523960322
0.0182000000 6.1604974821
0.0189000000 4.1019148106
0.0196000000 2.3996027718
0.0203000000 1.3897128998
0.0210000000 -0.8462162855
0.0217000000 -0.0702414213
0.0224000000 -3.6353630687
0.0231000000 -4.0592208496
0.0238000000 -5.3819185829
0.0245000000 -9.0383056988
0.0252000000 -10.6485339694
0.0259000000 -11.3363600281
0.0266000000 -13.6281510306
0.0273000000 -12.5716982964
0.0280000000 -14.1813451248
0.0287000000 -15.4817451578
0.0294000000 -18.8022969373
0.0301000000 -18.6012406076
0.0308000000 -20.3936120212
0.0315000000 -19.8837517033
0.0322000000 -20.3896421480
0.0329000000 -22.2694598816
0.0336000000 -22.6956698506
0.0343000000 -22.3313394041
0.0350000000 -22.2526765176
0.0357000000 -23.0607058624
0.0364000000 -22.5348906817
0.0371000000 -22.2395940099
0.0378000000 -22.3410981061
0.0385000000 -20.1914075555
0.0392000000 -20.3363857133
0.0399000000 -18.4670404500
0.0406000000 -17.4020052822
0.0413000000 -15.4392510934
0.0420000000 -16.4981395710
0.0427000000 -15.4411957460
0.0434000000 -14.6441596000
0.0441000000 -12.2496847639
0.0448000000 -9.4743809419
0.0455000000 -7.3034552623
0.0462000000 -5.9586537483
0.0469000000 -5.3699242828
0.0476000000 -2.7198620274
0.0483000000 -2.0309807740
0.0490000000 -0.6255513685
0.0497000000 2.9108433933
0.0504000000 4.8470366270
0.0511000000 3.7151284546
0.0518000000 5.6748444341
0.0525000000 8.0190751683
0.0532000000 9.7509015794
0.0539000000 10.2003458858
0.0546000000 12.4709210356
0.0553000000 13.8437619514
0.0560000000 17.0820637370
0.0567000000 17.5713455790
0.0574000000 20.3403339255
0.0581000000 20.7745772765
0.0588000000 21.6039778158
0.0595000000 21.2992821589
0.0602000000 23.6942008834
0.0609000000 21.9696939398
0.0616000000 23.9300815094
0.0623000000 24.3211867941
0.0630000000 25.3895980688
0.0637000000 25.2150956853
0.0644000000 25.8443219028
0.0651000000 24.9270883482
0.0658000000 25.6039777348
0.0665000000 25.8916800519
0.0672000000 23.4715288666
0.0679000000 22.1898226988
0.0686000000 22.6990461590
0.0693000000 21.7015028844
0.0700000000 20.1221547371
0.0707000000 20.6860931298
0.0714000000 17.8919633684
0.0721000000 16.2056574257
0.0728000000 15.8512052910
0.0735000000 14.6418738582
0.0742000000 14.1484766286
0.0749000000 11.7899094855
0.0756000000 10.9965182702
0.0763000000 8.8510793669
0.0770000000 6.2113122310
0.0777000000 4.7059035736
0.0784000000 3.1662833523
0.0791000000 2.6971272579
0.0798000000 -0.2869792750
0.0805000000 -0.2596237732
0.0812000000 -3.3735646271
0.0819000000 -3.7297483847
0.0826000000 -7.3034704259
0.0833000000 -8.8850009322
0.0840000000 -9.0615192458
0.0847000000 -10.2450093220
0.0854000000 -14.2740782303
0.0861000000 -15.9112391010
0.0868000000 -14.1687793319
0.0875000000 -16.3420588820
0.0882000000 -18.1992039347
0.0889000000 -17.5693785757
0.0896000000 -19.0732099385
0.0903000000 -19.3475725725
0.0910000000 -22.3163837423
0.0917000000 -19.9780020888
0.0924000000 -22.1522004906
0.0931000000 -23.3263705124
0.0938000000 -20.7685420849
0.0945000000 -22.9115595095
0.0952000000 -22.0012866014
0.0959000000 -20.8633499393
0.0966000000 -20.1108370044
0.0973000000 -19.8092773460
0.0980000000 -18.9278554336
0.0987000000 -17.5046747285
0.0994000000 -19.0179395749
0.1001000000 -16.5175700529
0.1008000000 -16.7080243648
0.1015000000 -15.9356317379
0.1022000000 -14.5963212130
0.1029000000 -11.3012828941
0.1036000000 -8.5469951265
0.1043000000 -8.7620601948
0.1050000000 -6.2325260206
0.1057000000 -5.4205009217
0.1064000000 -2.0614397639
0.1071000000 -1.9825670262
0.1078000000 -1.0469657879
0.1085000000 2.6823072386
0.1092000000 4.7393888951
0.1099000000 5.9869906215
0.1106000000 7.6511786993
0.1113000000 8.8378092971
0.1120000000 11.6587692638
0.1127000000 11.1369270985
0.1134000000 14.9043028310
0.1141000000 14.5586763303
0.1148000000 16.1027833541
0.1155000000 17.3454185611
0.1162000000 19.4379210770
0.1169000000 20.0404492381
0.1176000000 22.4700903441
0.1183000000 23.0810359983
0.1190000000 24.4696589641
0.1197000000 23.1749735144
0.1204000000 23.2462230225
0.1211000000 23.9624742159
0.1218000000 24.9332748302
0.1225000000 25.6540764346
0.1232000000 25.2365386327
0.1239000000 26.0783696516
0.1246000000 25.5005427727
0.1253000000 22.9676531008
0.1260000000 23.8994328614
0.1267000000 22.0964496398
0.1274000000 21.6753737639
0.1281000000 22.9505540810
0.1288000000 20.1593451449
0.1295000000 19.0576956635
0.1302000000 19.9179286438
0.1309000000 18.1951691187
0.1316000000 16.3502605673
0.1323000000 13.7978509055
0.1330000000 13.1388678054
0.1337000000 12.7177206176
0.1344000000 10.1597227532
0.1351000000 7.5461741173
0.1358000000 7.0551992908
0.1365000000 5.3166125706
0.1372000000 2.2382438589
0.1379000000 1.6073433010
0.1386000000 -1.8830089443
0.1393000000 -1.9478959219
0.1400000000 -5.0335966680
0.1407000000 -5.7030867057
0.1414000000 -8.7040537631
0.1421000000 -8.0556650966
0.1428000000 -9.4780564310
0.1435000000 -11.9066815201
0.1442000000 -13.5540405340
0.1449000000 -15.9729961515
0.1456000000 -14.4136226904
0.1463000000 -18.0485576092
0.1470000000 -17.3429669102
0.1477000000 -17.4135696468
0.1484000000 -21.2262493045
0.1491000000 -19.3149876294
0.1498000000 -21.4901319318
0.1505000000 -22.8158524368
0.1512000000 -21.8124746521
0.1519000000 -21.6111458187
0.1526000000 -22.0136891092
0.1533000000 -20.2772512619
0.1540000000 -20.4162915323
0.1547000000 -20.2226825913
0.1554000000 -21.6446260879
0.1561000000 -20.3703346461
0.1568000000 -20.2211230759
0.1575000000 -19.5278835819
0.1582000000 -18.7002601438
0.1589000000 -16.4489367153
0.1596000000 -15.4122035561
0.1603000000 -13.8864595400
0.1610000000 -14.2126980579
0.1617000000 -10.6121602775
0.1624000000 -10.4470280309
0.1631000000 -8.0114175138
0.1638000000 -7.4149109922
0.1645000000 -5.5249310174
0.1652000000 -4.0082591230
0.1659000000 -2.5774102365
0.1666000000 0.6879498189
0.1673000000 2.0077828206
0.1680000000 2.9414298107
0.1687000000 7.0730280422
0.1694000000 6.4628785337
0.1701000000 8.7899241432
0.1708000000 10.8149151908
0.1715000000 13.4310569880
0.1722000000 14.8679527668
0.1729000000 14.2118160979
0.1736000000 17.0490730873
0.1743000000 16.6366527380
0.1750000000 20.5782889864
0.1757000000 19.8734379560
0.1764000000 22.0894493379
0.1771000000 20.7836775310
0.1778000000 23.5182927597
0.1785000000 23.0146600609
0.1792000000 22.7222153829
0.1799000000 23.7257268811
0.1806000000 24.7450422645
0.1813000000 23.8536686795
0.1820000000 23.8508873224
0.1827000000 26.7158172991
0.1834000000 24.8524043960
0.1841000000 22.9326844690
0.1848000000 23.7482955024
0.1855000000 23.4573408185
0.1862000000 21.4320901205
0.1869000000 21.0843244975
0.1876000000 19.8729314638
0.1883000000 18.9984762985
0.1890000000 17.2533418880
0.1897000000 17.8541593397
0.1904000000 16.9604487857
0.1911000000 15.9324491589
0.1918000000 13.9878595668
0.1925000000 12.5547460697
0.1932000000 8.8294345862
0.1939000000 8.1860525724
0.1946000000 6.5688101233
0.1953000000 5.4088697616
0.1960000000 2.1584908158
0.1967000000 -0.3827406939
0.1974000000 -0.6280965684
0.1981000000 -3.5899761391
0.1988000000 -3.4065568071
0.1995000000 -6.8817591478
0.2002000000 -6.7587076625
0.2009000000 -9.5835992752
0.2016000000 -9.5087641998
0.2023000000 -11.2360544754
0.2030000000 -13.7926971255
0.2037000000 -15.4713695061
0.2044000000 -16.6649449830
0.2051000000 -18.1297918440
0.2058000000 -18.7312139867
0.2065000000 -18.2752701562
0.2072000000 -20.3336953781
0.2079000000 -20.1904409369
0.2086000000 -19.9940594608
0.2093000000 -20.2414187930
0.2100000000 -20.3483395900
0.2107000000 -20.4984558278
0.2114000000 -21.4575883172
0.2121000000 -20.6173912349
0.2128000000 -20.9880155671
0.2135000000 -19.6703215744
0.2142000000 -19.6299151353
0.2149000000 -21.2305768962
0.2156000000 -19.6434957506
0.2163000000 -17.2054023334
0.2170000000 -18.3158446977
0.2177000000 -17.8117269720
0.2184000000 -13.8468095937
0.2191000000 -13.4775179345
0.2198000000 -13.4302082529
0.2205000000 -10.3386551826
0.2212000000 -8.3334940414
0.2219000000 -7.5704212822
0.2226000000 -6.5822626520
0.2233000000 -5.8027014295
0.2240000000 -1.7042259105
0.2247000000 -1.1022605205
0.2254000000 0.4294057521
0.2261000000 0.7746963545
0.2268000000 2.8897579708
0.2275000000 4.4795909453
0.2282000000 8.7062285113
0.2289000000 8.9138405038
0.2296000000 10.0259825477
0.2303000000 12.6739190489
0.2310000000 15.4363992575
0.2317000000 14.8549211557
0.2324000000 16.6115355417
0.2331000000 19.1997401096
0.2338000000 18.7435368600
0.2345000000 21.8084058685
0.2352000000 20.9980354921
0.2359000000 21.1865900294
0.2366000000 23.6934769176
0.2373000000 24.4103901111
0.2380000000 23.7609260280
0.2387000000 25.0778306421
0.2394000000 25.0408332541
0.2401000000 25.1240556543
0.2408000000 24.4226280739
0.2415000000 25.5581887657
0.2422000000 26.4110607524
0.2429000000 23.1436616237
0.2436000000 23.7192724567
0.2443000000 23.0923922650
0.2450000000 21.6066314547
0.2457000000 20.8038134575
0.2464000000 22.1206118153
0.2471000000 21.1267314359
0.2478000000 19.5322453723
0.2485000000 15.9720055257
0.2492000000 15.8186712744
0.2499000000 15.2333408863
0.2506000000 13.9475732434
0.2513000000 11.9741891419
0.2520000000 8.5281006101
0.2527000000 6.1586119888
0.2534000000 5.3713500668
0.2541000000 3.2318386905
0.2548000000 1.2694123316
0.2555000000 1.5811691406
0.2562000000 -1.7913762835
0.2569000000 -4.1376824183
0.2576000000 -4.2802657645
0.2583000000 -7.7613087700
0.2590000000 -9.4359969588
0.2597000000 -11.0469318414
0.2604000000 -11.8082372069
0.2611000000 -11.5464898934
0.2618000000 -13.8593222335
0.2625000000 -13.7222909574
0.2632000000 -17.7159298265
0.2639000000 -15.7696319368
0.2646000000 -19.2726817487
0.2653000000 -20.7545291268
0.2660000000 -20.1649965160
0.2667000000 -21.8521621323
0.2674000000 -22.7537997414
0.2681000000 -22.8976646649
0.2688000000 -22.2665838112
0.2695000000 -21.5435985498
0.2702000000 -20.5064586995
0.2709000000 -20.0700504702
0.2716000000 -22.2473830254
0.2723000000 -20.8154725301
0.2730000000 -22.0769822349
0.2737000000 -21.1703296650
0.2744000000 -19.0575712232
0.2751000000 -17.1799985257
0.2758000000 -18.3960607069
0.2765000000 -16.5308024137
0.2772000000 -14.0392299426
0.2779000000 -12.5805967070
0.2786000000 -13.5732890195
0.2793000000 -10.5291513154
0.2800000000 -9.7225701232
0.2807000000 -7.7066044250
0.2814000000 -5.9060692315
0.2821000000 -4.8153136261
0.2828000000 -2.2150568730
0.2835000000 0.0383558892
0.2842000000 2.2093014258
0.2849000000 4.2492406376
0.2856000000 4.6527663351
0.2863000000 5.0703345030
0.2870000000 8.9753229387
0.2877000000 9.6194680077
0.2884000000 11.2190490525
0.2891000000 12.6550103192
0.2898000000 14.6680328091
0.2905000000 15.1321697583
0.2912000000 15.7901084287
0.2919000000 17.9116627408
0.2926000000 20.3630190753
0.2933000000 19.9567248871
0.2940000000 20.2655399176
0.2947000000 24.1879401667
0.2954000000 21.6851361198
0.2961000000 25.2094406068
0.2968000000 26.0392375456
0.2975000000 25.0750037000
0.2982000000 23.7108426924
0.2989000000 23.7580629015
0.2996000000 26.5449339797
0.3003000000 23.3619250743
0.3010000000 23.5978443132
0.3017000000 25.7422483842
0.3024000000 23.9771160058
0.3031000000 22.5829550584
0.3038000000 21.4303580575
0.3045000000 22.6682460599
0.3052000000 20.5684751732
0.3059000000 19.7672126885
0.3066000000 18.3020895571
0.3073000000 16.7863125236
0.3080000000 14.7422300923
0.3087000000 13.4960775468
0.3094000000 12.4283152944
0.3101000000 12.3076143289
0.3108000000 10.4327768700
0.3115000000 7.0817642614
0.3122000000 6.0548988745
0.3129000000 2.7251042171
0.3136000000 1.3991268466
0.3143000000 -0.0684520878
0.3150000000 -2.8564492568
0.3157000000 -4.4061898976
0.3164000000 -4.4931121796
0.3171000000 -7.1232009676
0.3178000000 -8.5919086308
0.3185000000 -8.3140533661
0.3192000000 -12.2771309001
0.3199000000 -12.9576207669
0.3206000000 -14.9466073134
0.3213000000 -16.1636014219
0.3220000000 -16.2055062588
0.3227000000 -17.4807142332
0.3234000000 -19.7531722963
0.3241000000 -19.6141523953
0.3248000000 -19.6980516434
0.3255000000 -21.2879907984
0.3262000000 -20.1577813063
0.3269000000 -20.2785005899
0.3276000000 -20.5331532661
0.3283000000 -23.0418718509
0.3290000000 -21.4942500449
0.3297000000 -22.8514880562
0.3304000000 -22.1958844465
0.3311000000 -20.9700784131
0.3318000000 -21.3439707846
0.3325000000 -20.0078451994
0.3332000000 -19.6637851018
0.3339000000 -18.3223612000
0.3346000000 -17.9633130115
0.3353000000 -17.2811842421
0.3360000000 -14.9277863254
0.3367000000 -13.4449047482
0.3374000000 -12.9744001049
0.3381000000 -11.5731443175
0.3388000000 -9.1530819643
0.3395000000 -6.6944462211
0.3402000000 -5.6686960046
0.3409000000 -2.9256108098
0.3416000000 -2.7714278086
0.3423000000 -0.9155002957
0.3430000000 2.1742425737
0.3437000000 2.9262794388
0.3444000000 6.1973816855
0.3451000000 6.3227423909
0.3458000000 8.2701597436
0.3465000000 8.2927000308
0.3472000000 11.5926435424
0.3479000000 11.8624568959
0.3486000000 14.8567054951
0.3493000000 14.4204889550
0.3500000000 18.5473914336
0.3507000000 19.0749268946
0.3514000000 19.4184761959
0.3521000000 22.0001804566
0.3528000000 21.9885870121
0.3535000000 23.6418705337
0.3542000000 22.3721925978
0.3549000000 23.0246856663
0.3556000000 24.1364208552
0.3563000000 23.5179036433
0.3570000000 26.6460714839
0.3577000000 26.3646295143
0.3584000000 24.4530008074
0.3591000000 25.5601999573
0.3598000000 24.2650731778
0.3605000000 25.7894970979
0.3612000000 23.2633193211
0.3619000000 21.3392001242
0.3626000000 21.9483367891
0.3633000000 22.5720146057
0.3640000000 21.3646124549
0.3647000000 18.4858929967
0.3654000000 18.4977185465
0.3661000000 17.1037136094
0.3668000000 15.4483391864
0.3675000000 14.1550664080
0.3682000000 11.2004599252
0.3689000000 11.3254658802
0.3696000000 9.3442594648
0.3703000000 7.5253668386
0.3710000000 5.9775267667
0.3717000000 3.4643983282
0.3724000000 2.9063165280
0.3731000000 1.1962159849
0.3738000000 -1.0159094578
0.3745000000 -3.4281024875
0.3752000000 -4.1773393404
0.3759000000 -5.7213130695
0.3766000000 -7.5233647261
0.3773000000 -10.2928588903
0.3780000000 -11.7379521755
0.3787000000 -13.0145578751
0.3794000000 -14.3979713078
0.3801000000 -14.4849617342
0.3808000000 -17.6334412888
0.3815000000 -17.6453579273
0.3822000000 -19.5823979205
0.3829000000 -17.8360864790
0.3836000000 -19.4526350882
0.3843000000 -20.9418661147
0.3850000000 -19.8229986808
0.3857000000 -22.6406856681
0.3864000000 -22.9650484445
0.3871000000 -23.4940064465
0.3878000000 -22.0482676143
0.3885000000 -20.5239397251
0.3892000000 -20.4287859242
0.3899000000 -21.6857842815
0.3906000000 -20.8721269957
0.3913000000 -18.0318740674
0.3920000000 -18.5442927280
0.3927000000 -19.3406378692
0.3934000000 -15.5562631756
0.3941000000 -15.0967312494
0.3948000000 -13.4891182254
0.3955000000 -14.3950118431
0.3962000000 -9.9953043486
0.3969000000 -10.6377897450
0.3976000000 -7.0361785359
0.3983000000 -7.9343779232
0.3990000000 -6.6762784780
0.3997000000 -4.1683066529
0.4004000000 -1.9934866133
0.4011000000 -0.8778718351
0.4018000000 2.7012160757
0.4025000000 2.3148070207
0.4032000000 3.7639129265
0.4039000000 5.6318899800
0.4046000000 7.9984081378
0.4053000000 11.2487582058
0.4060000000 10.3454080687
0.4067000000 12.5612289706
0.4074000000 14.7382504150
0.4081000000 15.4881554722
0.4088000000 18.7768534178
0.4095000000 20.0079042723
0.4102000000 20.5485149734
0.4109000000 20.2878105282
0.4116000000 21.7822332816
0.4123000000 21.5237820835
0.4130000000 23.4751545617
0.4137000000 24.4751658025
0.4144000000 25.0820544248
0.4151000000 25.8417312755
0.4158000000 24.0066475057
0.4165000000 26.2985342857
0.4172000000 23.9443307201
0.4179000000 24.7143432264
0.4186000000 25.6580968372
0.4193000000 23.7766431346
0.4200000000 23.7287313471
0.4207000000 23.6142270840
0.4214000000 21.6898957555
0.4221000000 21.6309454815
0.4228000000 21.2573838429
0.4235000000 18.5511554731
0.4242000000 18.9918267659
0.4249000000 14.7331180626
0.4256000000 14.8092825689
0.4263000000 11.8504097661
0.4270000000 12.4678724240
0.4277000000 11.1618334552
0.4284000000 8.0714713059
0.4291000000 7.8192513742
0.4298000000 4.7291309466
0.4305000000 3.8801220766
0.4312000000 0.4699676153
0.4319000000 1.3676119304
0.4326000000 -1.0251653895
0.4333000000 -2.3570152264
0.4340000000 -6.3658523783
0.4347000000 -8.1492949531
0.4354000000 -7.8461084038
0.4361000000 -10.6920781966
0.4368000000 -11.5721386348
0.4375000000 -13.9554331951
0.4382000000 -13.2075432605
0.4389000000 -16.5241387381
0.4396000000 -17.1347456442
0.4403000000 -18.4005814781
0.4410000000 -17.3119134190
0.4417000000 -18.9448534668
0.4424000000 -19.9708599492
0.4431000000 -21.5000656611
0.4438000000 -20.4336173648
0.4445000000 -20.1220284863
0.4452000000 -20.6787448974
0.4459000000 -21.3488412114
0.4466000000 -22.8252369146
0.4473000000 -22.3258611167
0.4480000000 -21.8871032621
0.4487000000 -20.6562400238
0.4494000000 -20.7442708332
0.4501000000 -19.9103796962
0.4508000000 -18.0652460871
0.4515000000 -17.9484154767
0.4522000000 -15.4006387501
0.4529000000 -14.4879704982
0.4536000000 -13.9650266294
0.4543000000 -13.0696269347
0.4550000000 -12.6006963416
0.4557000000 -8.7024200557
0.4564000000 -7.7681429030
0.4571000000 -5.5604590580
0.4578000000 -4.8157765511
0.4585000000 -1.6919123424
0.4592000000 0.0078212696
0.4599000000 -1.2632208926
0.4606000000 3.5327653332
0.4613000000 2.7439900384
0.4620000000 4.4994333465
0.4627000000 7.4088617128
0.4634000000 8.4963238932
0.4641000000 9.2205141739
0.4648000000 11.9426349899
0.4655000000 14.1837897001
0.4662000000 13.8214706118
0.4669000000 15.9083280249
0.4676000000 16.5673753757
0.4683000000 20.6263799507
0.4690000000 19.2739022208
0.4697000000 21.3036628084
0.4704000000 23.4148909619
0.4711000000 21.4015293167
0.4718000000 24.8945046278
0.4725000000 23.2318840559
0.4732000000 25.0745142525
0.4739000000 24.1947316714
0.4746000000 25.0388879354
0.4753000000 24.0713255804
0.4760000000 25.2881000506
0.4767000000 24.5755084798
0.4774000000 25.7755729607
0.4781000000 24.6599500819
0.4788000000 23.8558117368
0.4795000000 24.2345158273
0.4802000000 20.2399464161
0.4809000000 21.7371792816
0.4816000000 20.0594753559
0.4823000000 19.6869202454
0.4830000000 18.6069390528
0.4837000000 16.6543929777
0.4844000000 14.6718866909
0.4851000000 12.6810928932
0.4858000000 12.3810945500
0.4865000000 10.7949956827
0.4872000000 8.0130556681
0.4879000000 6.1100477150
0.4886000000 3.8875731640
0.4893000000 3.9736333533
0.4900000000 1.9358816311
0.4907000000 -0.7317465511
0.4914000000 -1.6922157368
0.4921000000 -5.6067527661
0.4928000000 -4.1807923360
0.4935000000 -6.6903437106
0.4942000000 -8.5544850748
0.4949000000 -11.1258548771
0.4956000000 -12.1896145562
0.4963000000 -13.8042443730
0.4970000000 -14.3797068676
0.4977000000 -17.1781075529
0.4984000000 -17.1394392925
0.4991000000 -16.5652654494
0.4998000000 -19.7754844547
0.5005000000 -19.2408875389
0.5012000000 -20.0399731307
0.5019000000 -21.8514703346
0.5026000000 -20.8333873124
0.5033000000 -23.2705947634
0.5040000000 -21.3503755180
0.5047000000 -22.5622882274
0.5054000000 -22.3687257485
0.5061000000 -20.1467582377
0.5068000000 -21.9480149033
0.5075000000 -21.0817869899
0.5082000000 -18.7521303684
0.5089000000 -17.8186336621
0.5096000000 -16.8241684300
0.5103000000 -16.8551109965
0.5110000000 -16.2097264330
0.5117000000 -14.5736416495
0.5124000000 -14.3485538155
0.5131000000 -11.5194607771
0.5138000000 -11.6819795691
0.5145000000 -10.2116179362
0.5152000000 -9.3059543341
0.5159000000 -6.4251994613
0.5166000000 -4.5870204048
0.5173000000 -2.2721766846
0.5180000000 -2.5328930000
0.5187000000 -0.6173763578
0.5194000000 1.8573559736
0.5201000000 4.0795624247
0.5208000000 5.6103035227
0.5215000000 8.5822658355
0.5222000000 8.6262861430
0.5229000000 10.6619952599
0.5236000000 10.8152694071
0.5243000000 15.3026464198
0.5250000000 15.6687153608
0.5257000000 17.5146290089
0.5264000000 18.4328842601
0.5271000000 19.6099032858
0.5278000000 20.7847274602
0.5285000000 20.4526397733
0.5292000000 23.0528683552
0.5299000000 22.0506631220
0.5306000000 24.1235407262
0.5313000000 23.7793809109
0.5320000000 26.2235154447
0.5327000000 26.4263786148
0.5334000000 23.8247058924
0.5341000000 25.0965036031
0.5348000000 26.3901436112
0.5355000000 26.0989800957
0.5362000000 25.8676146255
0.5369000000 23.4366506215
0.5376000000 24.3966721367
0.5383000000 22.8966410328
0.5390000000 22.9818326518
0.5397000000 19.2661738416
0.5404000000 18.1160651034
0.5411000000 17.1046756882
0.5418000000 18.4831988441
0.5425000000 16.2903657984
0.5432000000 14.7148802247
0.5439000000 14.0849583834
0.5446000000 10.7996564029
0.5453000000 10.0594912313
0.5460000000 6.3197003245
0.5467000000 6.9354864435
0.5474000000 3.1685643302
0.5481000000 1.3178780940
0.5488000000 1.7491960972
0.5495000000 -1.9478142274
0.5502000000 -2.1174254980
0.5509000000 -5.6859666523
0.5516000000 -7.0995494701
0.5523000000 -8.1359023606
0.5530000000 -8.5809073106
0.5537000000 -10.2348881267
0.5544000000 -11.6900618099
0.5551000000 -12.2166900220
0.5558000000 -15.6463635804
0.5565000000 -14.5219712211
0.5572000000 -18.0394387498
0.5579000000 -19.4585483284
0.5586000000 -18.4438345516
0.5593000000 -19.8944728997
0.5600000000 -21.4033790753
0.5607000000 -22.3369989436
0.5614000000 -20.8434864518
0.5621000000 -22.0174273996
0.5628000000 -20.3197768754
0.5635000000 -20.7781012224
0.5642000000 -20.6027824496
0.5649000000 -22.0004840894
0.5656000000 -21.9118674258
0.5663000000 -19.0458378910
0.5670000000 -20.1426623178
0.5677000000 -18.8554830367
0.5684000000 -19.1605676861
0.5691000000 -16.1826127967
0.5698000000 -17.6404044504
0.5705000000 -14.3446716076
0.5712000000 -13.8727124295
0.5719000000 -11.8481709275
0.5726000000 -10.8231521432
0.5733000000 -10.0578901977
0.5740000000 -7.4939610464
0.5747000000 -4.4520221449
0.5754000000 -5.1086347132
0.5761000000 -3.2300542899
0.5768000000 -1.4588775852
0.5775000000 2.3267838622
0.5782000000 2.6149072290
0.5789000000 3.2184837870
0.5796000000 6.6541664153
0.5803000000 8.6528939812
0.5810000000 11.1093517813
0.5817000000 10.4670793649
0.5824000000 13.2354681157
0.5831000000 13.7314279775
0.5838000000 16.4807689364
0.5845000000 15.9609715348
0.5852000000 17.1989122096
0.5859000000 20.8848967199
0.5866000000 21.9218133063
0.5873000000 21.0007651671
0.5880000000 21.2766499789
0.5887000000 24.2736789231
0.5894000000 24.3986972954
0.5901000000 25.4483834663
0.5908000000 23.5869036276
0.5915000000 26.4584724069
0.5922000000 23.5591318828
0.5929000000 26.4033074688
0.5936000000 23.7520183433
0.5943000000 23.8369359822
