# Exercise 7.1 e).
# t (s), U (mV)
0.000000000000000000e+00 -8.377070496170492542e-02
1.000000000000000021e-03 -1.150008174078303302e-01
2.000000000000000042e-03 -2.129629022419474160e-01
3.000000000000000062e-03 -3.498243331972412107e-01
4.000000000000000083e-03 -3.584724903767546600e-01
5.000000000000000104e-03 -3.435764917248823602e-01
6.000000000000000125e-03 -2.583715944025726796e-01
7.000000000000000146e-03 -1.622041100168566397e-01
8.000000000000000167e-03 -2.802349385965988704e-01
9.000000000000001055e-03 -2.816899720900877813e-01
1.000000000000000021e-02 -2.537510576919568828e-01
1.099999999999999936e-02 -2.372953421153060072e-01
1.200000000000000025e-02 -2.634369889785911356e-01
1.300000000000000114e-02 -1.628401803180604401e-01
1.400000000000000029e-02 -1.586284672150959918e-01
1.499999999999999944e-02 -1.646960169917370542e-01
1.600000000000000033e-02 -1.433424411122491693e-01
1.700000000000000122e-02 -1.232640463495426331e-01
1.800000000000000211e-02 -2.279021429054315095e-01
1.899999999999999953e-02 -2.083679678015761538e-01
2.000000000000000042e-02 -1.354943930671034247e-01
2.100000000000000130e-02 -1.634054218621874138e-02
2.199999999999999872e-02 1.700516817652879958e-02
2.299999999999999961e-02 -6.198922869254133022e-03
2.400000000000000050e-02 9.365442410409438589e-02
2.500000000000000139e-02 1.834314560800411331e-01
2.600000000000000228e-02 1.496448728183484567e-01
2.699999999999999969e-02 2.020615525945760049e-01
2.800000000000000058e-02 9.347226858916707348e-02
2.900000000000000147e-02 1.057797598387294064e-01
2.999999999999999889e-02 1.705182650299558456e-01
3.099999999999999978e-02 1.431779225516221221e-01
3.200000000000000067e-02 2.887193522635677634e-01
3.300000000000000155e-02 3.149233865167594959e-01
3.400000000000000244e-02 2.188535099943743900e-01
3.500000000000000333e-02 2.885802889884890310e-01
3.600000000000000422e-02 2.171202370707490115e-01
3.699999999999999817e-02 -5.668478202990155645e-02
3.799999999999999906e-02 -5.166200943917027832e-02
3.899999999999999994e-02 -1.228586559724589439e-01
4.000000000000000083e-02 -1.431290564196012749e-01
4.100000000000000172e-02 -1.875190717216094760e-01
4.200000000000000261e-02 -1.396836117950530920e-01
4.300000000000000350e-02 -9.384609866544696422e-02
4.399999999999999745e-02 1.496136998549428727e-02
4.499999999999999833e-02 -7.034128211263056263e-02
4.599999999999999922e-02 -5.616805373288685224e-04
4.700000000000000011e-02 7.763908698781250665e-03
4.800000000000000100e-02 3.058966216947945488e-02
4.900000000000000189e-02 -9.064142143104879368e-02
5.000000000000000278e-02 -1.434623181769702494e-01
5.100000000000000366e-02 -4.541839247677632169e-02
5.200000000000000455e-02 -6.184812363987481770e-02
5.299999999999999850e-02 -2.289772215459413493e-02
5.399999999999999939e-02 4.589175651509663084e-03
5.500000000000000028e-02 -1.228627712036587799e-01
5.600000000000000117e-02 -7.355629866144960949e-02
5.700000000000000205e-02 -7.476418607287456733e-03
5.800000000000000294e-02 2.809780360429948651e-02
5.900000000000000383e-02 -6.906503163587842309e-04
5.999999999999999778e-02 -1.674146043026246422e-02
6.099999999999999867e-02 2.817521130353401251e-02
6.199999999999999956e-02 8.389224965637509523e-02
6.300000000000000044e-02 -1.769219419096916199e-02
6.400000000000000133e-02 -1.524930589061402886e-01
6.500000000000000222e-02 -8.924695943939978116e-02
6.600000000000000311e-02 -3.421901481021859953e-02
6.700000000000000400e-02 -2.069019499870921319e-01
6.800000000000000488e-02 -3.209855700227520758e-01
6.900000000000000577e-02 -3.580611700594587554e-01
7.000000000000000666e-02 -4.974067534566110060e-01
7.100000000000000755e-02 -4.186026977891452727e-01
7.200000000000000844e-02 -4.129062960122639736e-01
7.299999999999999545e-02 -4.249551178364333603e-01
7.399999999999999634e-02 -4.954790746954473857e-01
7.499999999999999722e-02 -4.751367591422418490e-01
7.599999999999999811e-02 -4.222016791994288032e-01
7.699999999999999900e-02 -4.365863339560283052e-01
7.799999999999999989e-02 -4.264297913789927286e-01
7.900000000000000078e-02 -4.510308013350021739e-01
8.000000000000000167e-02 -3.489150681848476876e-01
8.100000000000000255e-02 -4.534600561951000475e-01
8.200000000000000344e-02 -4.377030294330178650e-01
8.300000000000000433e-02 -4.111762471434576294e-01
8.400000000000000522e-02 -4.523930149165993342e-01
8.500000000000000611e-02 -4.424478004756801086e-01
8.600000000000000699e-02 -4.017828292124678291e-01
8.700000000000000788e-02 -4.733891265124449688e-01
8.799999999999999489e-02 -3.814246000520357671e-01
8.899999999999999578e-02 -3.537752481081834488e-01
8.999999999999999667e-02 -2.968591427927521065e-01
9.099999999999999756e-02 -2.082905508788460702e-01
9.199999999999999845e-02 -2.970280276049775958e-01
9.299999999999999933e-02 -2.542659525605178161e-01
9.400000000000000022e-02 -3.012996466392411921e-01
9.500000000000000111e-02 -9.749754132239779603e-02
9.600000000000000200e-02 -1.863625552763901461e-01
9.700000000000000289e-02 -9.972802417318225865e-02
9.800000000000000377e-02 -7.130045823352543222e-02
9.900000000000000466e-02 -9.489835206090953268e-02
1.000000000000000056e-01 -4.006195877639015523e-02
1.010000000000000064e-01 4.202467904662825215e-02
1.020000000000000073e-01 3.951767050021689348e-02
1.030000000000000082e-01 2.666536948780805910e-02
1.040000000000000091e-01 8.972904585059229832e-02
1.049999999999999961e-01 -2.601064748486573569e-02
1.059999999999999970e-01 -5.236343779022853417e-02
1.069999999999999979e-01 -4.378442561176250185e-03
1.079999999999999988e-01 -2.919385153132638897e-02
1.089999999999999997e-01 -1.014472210760492404e-01
1.100000000000000006e-01 -5.036166253345234628e-02
1.110000000000000014e-01 -6.162696581449771116e-02
1.120000000000000023e-01 1.059013804337655476e-02
1.130000000000000032e-01 3.291300702917925730e-02
1.140000000000000041e-01 -4.192038453942120713e-02
1.150000000000000050e-01 -8.967749875033180496e-02
1.160000000000000059e-01 -3.584911809530728910e-02
1.170000000000000068e-01 4.315645807609431311e-02
1.180000000000000077e-01 3.058204808417573986e-02
1.190000000000000085e-01 9.092634210065660139e-02
1.199999999999999956e-01 1.497372087978654787e-01
1.209999999999999964e-01 1.673978176715138211e-01
1.219999999999999973e-01 2.596937356963967547e-01
1.229999999999999982e-01 3.526916281293205335e-01
1.239999999999999991e-01 4.078818059885145342e-01
1.250000000000000000e-01 3.578478437848987559e-01
1.260000000000000009e-01 3.555601721740949683e-01
1.270000000000000018e-01 4.035022258127872741e-01
1.280000000000000027e-01 4.509505039067456811e-01
1.290000000000000036e-01 3.673495880888304477e-01
1.300000000000000044e-01 3.513394244482671569e-01
1.310000000000000053e-01 3.790147256460373870e-01
1.320000000000000062e-01 4.475507470193599846e-01
1.330000000000000071e-01 4.985593150542836360e-01
1.340000000000000080e-01 5.563178638564013623e-01
1.350000000000000089e-01 5.961898897482311721e-01
1.360000000000000098e-01 5.975792634956719196e-01
1.370000000000000107e-01 6.379570953865539851e-01
1.380000000000000115e-01 5.454096300409203568e-01
1.390000000000000124e-01 5.348447969336241892e-01
1.400000000000000133e-01 4.707781802075790556e-01
1.410000000000000142e-01 4.631148138760124433e-01
1.420000000000000151e-01 3.990169965491626169e-01
1.430000000000000160e-01 2.486502313660803321e-01
1.440000000000000169e-01 2.652608423472198051e-01
1.449999999999999900e-01 3.482683492321784757e-01
1.459999999999999909e-01 3.935639018557426372e-01
1.469999999999999918e-01 2.947602017921158724e-01
1.479999999999999927e-01 2.629767760278489686e-01
1.489999999999999936e-01 3.057839885235142385e-01
1.499999999999999944e-01 1.474327812733792209e-01
1.509999999999999953e-01 1.115731477529519483e-01
1.519999999999999962e-01 1.223957906439363391e-01
1.529999999999999971e-01 1.491086404786773623e-01
1.539999999999999980e-01 1.094900318147290913e-01
1.549999999999999989e-01 2.110961393577072964e-01
1.559999999999999998e-01 1.874710810122012239e-01
1.570000000000000007e-01 2.213058114361012019e-01
1.580000000000000016e-01 2.343855891749101195e-01
1.590000000000000024e-01 2.083742061700028236e-01
1.600000000000000033e-01 2.255399338038575896e-01
1.610000000000000042e-01 2.047828402294722960e-01
1.620000000000000051e-01 1.398242912643287428e-01
1.630000000000000060e-01 -6.627035942275967192e-03
1.640000000000000069e-01 -1.718473485786414789e-02
1.650000000000000078e-01 -4.913581118580609072e-03
1.660000000000000087e-01 1.054123475029607009e-02
1.670000000000000095e-01 9.958373254937616381e-02
1.680000000000000104e-01 1.488330837042909083e-01
1.690000000000000113e-01 1.905304286924063562e-01
1.700000000000000122e-01 3.779939147811399169e-01
1.710000000000000131e-01 3.855866520015001075e-01
1.720000000000000140e-01 3.299298804461636148e-01
1.730000000000000149e-01 3.047946548734140615e-01
1.740000000000000158e-01 3.099817534054248869e-01
1.750000000000000167e-01 3.178729534801044698e-01
1.759999999999999898e-01 2.354231761127320022e-01
1.769999999999999907e-01 2.036348559007817027e-01
1.779999999999999916e-01 1.518511798134375979e-01
1.789999999999999925e-01 1.019993852811835466e-01
1.799999999999999933e-01 3.642491685770318094e-02
1.809999999999999942e-01 1.482162177273365911e-01
1.819999999999999951e-01 1.941087145481235343e-01
1.829999999999999960e-01 2.929086614490004070e-01
1.839999999999999969e-01 2.678181497661575317e-01
1.849999999999999978e-01 2.600887136282052370e-01
1.859999999999999987e-01 2.789365446746128741e-01
1.869999999999999996e-01 2.096320916973531401e-01
1.880000000000000004e-01 1.349997775139264444e-01
1.890000000000000013e-01 6.234883645990992040e-02
1.900000000000000022e-01 -2.977071264081800669e-03
1.910000000000000031e-01 2.062683291030367738e-02
1.920000000000000040e-01 -2.472512073772855853e-02
1.930000000000000049e-01 -8.065964826311255997e-02
1.940000000000000058e-01 4.282745625074482754e-03
1.950000000000000067e-01 2.716674683777910247e-03
1.960000000000000075e-01 1.417582351851452149e-01
1.970000000000000084e-01 1.963764322619284408e-01
1.980000000000000093e-01 1.734947435717693609e-01
1.990000000000000102e-01 2.276068875439129779e-01
2.000000000000000111e-01 1.291015995118107162e-01
2.010000000000000120e-01 1.265641657064076053e-01
2.020000000000000129e-01 9.624147078832588631e-02
2.030000000000000138e-01 4.675376175493810987e-02
2.040000000000000147e-01 3.593454623083862376e-02
2.050000000000000155e-01 -1.222494279695013203e-01
2.060000000000000164e-01 -3.929540029127955025e-02
2.070000000000000173e-01 7.243644978866839446e-02
2.080000000000000182e-01 1.388320066325496871e-01
2.089999999999999913e-01 2.214451138353463744e-01
2.099999999999999922e-01 3.099002120899608803e-01
2.109999999999999931e-01 3.284788006789139958e-01
2.119999999999999940e-01 3.356862367352438370e-01
2.129999999999999949e-01 3.034621355292607681e-01
2.139999999999999958e-01 3.269353289281414221e-01
2.149999999999999967e-01 3.330873458131226039e-01
2.159999999999999976e-01 2.558970392591596865e-01
2.169999999999999984e-01 1.912693619103624787e-01
2.179999999999999993e-01 -6.759002249677124527e-03
2.190000000000000002e-01 -1.631772546611634511e-02
2.200000000000000011e-01 -4.758377658957198275e-02
2.210000000000000020e-01 -2.130022041669461519e-01
2.220000000000000029e-01 -3.016990683893309710e-01
2.230000000000000038e-01 -2.714615774553190142e-01
2.240000000000000047e-01 -1.878362429424709212e-01
2.250000000000000056e-01 -1.622540129633588124e-01
2.260000000000000064e-01 -1.648406795073867892e-01
2.270000000000000073e-01 -2.799118696653735139e-01
2.280000000000000082e-01 -2.321857237562816312e-01
2.290000000000000091e-01 -2.240089576157193729e-01
2.300000000000000100e-01 -2.071784015029531911e-01
2.310000000000000109e-01 -3.002082166940921448e-01
2.320000000000000118e-01 -3.843949774526323471e-01
2.330000000000000127e-01 -5.337487435514431944e-01
2.340000000000000135e-01 -4.969179326281762399e-01
2.350000000000000144e-01 -5.508392094998867394e-01
2.360000000000000153e-01 -4.202290312416713802e-01
2.370000000000000162e-01 -3.653917668200644675e-01
2.380000000000000171e-01 -2.416136355112440681e-01
2.390000000000000180e-01 -8.013460369766528535e-02
2.399999999999999911e-01 -1.451378794220206138e-02
2.409999999999999920e-01 -8.057466369967457298e-02
2.419999999999999929e-01 -2.607199392811125355e-03
2.429999999999999938e-01 -1.213537379192961840e-01
2.439999999999999947e-01 -2.393290491621755944e-01
2.449999999999999956e-01 -1.983697113292846592e-01
2.459999999999999964e-01 -1.677931899088171419e-01
2.469999999999999973e-01 -1.536704623775445866e-01
2.479999999999999982e-01 3.809064837672385129e-02
2.489999999999999991e-01 2.098141790446461097e-01
2.500000000000000000e-01 3.506892336238990882e-01
2.510000000000000009e-01 3.282822173992119841e-01
2.520000000000000018e-01 3.280685441879044317e-01
2.530000000000000027e-01 4.586720851162701118e-01
2.540000000000000036e-01 4.712044753623403359e-01
2.550000000000000044e-01 4.162739280878204329e-01
2.560000000000000053e-01 3.638635907148181081e-01
2.570000000000000062e-01 2.464503402155144851e-01
2.580000000000000071e-01 2.024122670004198654e-01
2.590000000000000080e-01 3.218611972246639835e-02
2.600000000000000089e-01 -1.805723832583595347e-03
2.610000000000000098e-01 -4.592963684846890215e-02
2.620000000000000107e-01 7.366190693372388909e-02
2.630000000000000115e-01 3.297616953622378166e-01
2.640000000000000124e-01 4.500976316465326033e-01
2.650000000000000133e-01 5.788610780084166851e-01
2.660000000000000142e-01 7.850963341701776566e-01
2.670000000000000151e-01 8.473861668085227450e-01
2.680000000000000160e-01 7.259716258048689586e-01
2.690000000000000169e-01 5.107822018581168466e-01
2.700000000000000178e-01 2.716913539102835395e-01
2.710000000000000187e-01 5.609712581889996635e-02
2.720000000000000195e-01 -1.205894887232197427e-01
2.730000000000000204e-01 -2.462080844010660630e-01
2.740000000000000213e-01 -3.414148568186853860e-01
2.750000000000000222e-01 -1.261564665499595173e-01
2.760000000000000231e-01 1.807545794803877559e-02
2.770000000000000240e-01 1.676647777492028257e-01
2.780000000000000249e-01 3.049318012095435515e-01
2.790000000000000258e-01 5.134401396575875021e-01
2.800000000000000266e-01 6.113006099085706024e-01
2.810000000000000275e-01 6.144097937683050681e-01
2.820000000000000284e-01 4.883516332028791651e-01
2.830000000000000293e-01 2.645220894334333051e-01
2.840000000000000302e-01 -6.604698557292540406e-02
2.850000000000000311e-01 -2.598199544161223229e-01
2.860000000000000320e-01 -3.147838674514458757e-01
2.870000000000000329e-01 -3.371877965379335707e-01
2.880000000000000338e-01 -2.688910264795524863e-01
2.889999999999999791e-01 -1.635374585213403564e-01
2.899999999999999800e-01 3.246979805729759833e-02
2.909999999999999809e-01 2.061900959484282703e-01
2.919999999999999818e-01 2.634359497559420338e-01
2.929999999999999827e-01 2.806783451358431658e-01
2.939999999999999836e-01 3.793546354750353955e-01
2.949999999999999845e-01 2.847737892937866055e-01
2.959999999999999853e-01 6.291506916320320497e-02
2.969999999999999862e-01 -1.044648110857960971e-01
2.979999999999999871e-01 -3.281618457023485202e-01
2.989999999999999880e-01 -5.715446540740640735e-01
2.999999999999999889e-01 -6.401485905617420036e-01
3.009999999999999898e-01 -5.621060272006622727e-01
3.019999999999999907e-01 -3.326956156169869616e-01
3.029999999999999916e-01 -1.433615817689006811e-01
3.039999999999999925e-01 -7.160929569385700820e-03
3.049999999999999933e-01 1.691639162532356522e-01
3.059999999999999942e-01 4.808541762217888871e-01
3.069999999999999951e-01 5.322984203111640333e-01
3.079999999999999960e-01 3.878453944554894894e-01
3.089999999999999969e-01 2.522981743076774253e-01
3.099999999999999978e-01 -2.821550331538000625e-02
3.109999999999999987e-01 -2.554432435277156910e-01
3.119999999999999996e-01 -4.389272979145216191e-01
3.130000000000000004e-01 -5.430227225460887430e-01
3.140000000000000013e-01 -3.973185358159380676e-01
3.150000000000000022e-01 -3.322352291973658112e-01
3.160000000000000031e-01 -1.388846133960524309e-01
3.170000000000000040e-01 8.943772714155150128e-02
3.180000000000000049e-01 3.002203479996786717e-01
3.190000000000000058e-01 4.623438751024608884e-01
3.200000000000000067e-01 6.066846016140814424e-01
3.210000000000000075e-01 7.151979871042581927e-01
3.220000000000000084e-01 4.648905477332434533e-01
3.230000000000000093e-01 1.189899626494058948e-01
3.240000000000000102e-01 -1.967491425313580566e-01
3.250000000000000111e-01 -3.955044057745567554e-01
3.260000000000000120e-01 -4.987122860169821981e-01
3.270000000000000129e-01 -4.146111415009723911e-01
3.280000000000000138e-01 -2.307782710873894638e-01
3.290000000000000147e-01 1.672130041052258959e-02
3.300000000000000155e-01 3.099849821872335265e-01
3.310000000000000164e-01 5.912925343986046300e-01
3.320000000000000173e-01 8.473156953691591831e-01
3.330000000000000182e-01 9.974077286685715249e-01
3.340000000000000191e-01 9.600630381745586250e-01
3.350000000000000200e-01 6.803445617595239581e-01
3.360000000000000209e-01 4.764209178124184652e-01
3.370000000000000218e-01 1.821622683439461654e-01
3.380000000000000226e-01 -1.352547640339431534e-01
3.390000000000000235e-01 -3.605594111266866575e-01
3.400000000000000244e-01 -4.735479840777786498e-01
3.410000000000000253e-01 -3.393940718669779533e-01
3.420000000000000262e-01 5.095490041810724763e-02
3.430000000000000271e-01 3.201307859413735635e-01
3.440000000000000280e-01 4.801509671820068936e-01
3.450000000000000289e-01 8.579790662988480143e-01
3.460000000000000298e-01 1.117007485388182841e+00
3.470000000000000306e-01 1.127152784032084298e+00
3.480000000000000315e-01 9.731700805257825770e-01
3.490000000000000324e-01 6.548616324812980283e-01
3.500000000000000333e-01 2.829093728233189053e-01
3.510000000000000342e-01 2.816793323261437484e-02
3.519999999999999796e-01 -1.680309637663578715e-01
3.529999999999999805e-01 -2.716003332350858113e-01
3.539999999999999813e-01 -2.201715760281935108e-01
3.549999999999999822e-01 -4.037133673829210179e-02
3.559999999999999831e-01 1.674012827652690827e-01
3.569999999999999840e-01 4.963481901879239766e-01
3.579999999999999849e-01 8.638357089728565530e-01
3.589999999999999858e-01 1.084729670066201912e+00
3.599999999999999867e-01 1.168302109395289001e+00
3.609999999999999876e-01 1.082285647326505673e+00
3.619999999999999885e-01 8.153496055426890932e-01
3.629999999999999893e-01 4.650920642551915618e-01
3.639999999999999902e-01 -8.344609398709111614e-02
3.649999999999999911e-01 -4.573948683938053872e-01
3.659999999999999920e-01 -7.412334074788723415e-01
3.669999999999999929e-01 -7.249880425917186733e-01
3.679999999999999938e-01 -7.053429782327248487e-01
3.689999999999999947e-01 -4.818503667786455114e-01
3.699999999999999956e-01 -1.126665345739420315e-01
3.709999999999999964e-01 2.080033714310640935e-01
3.719999999999999973e-01 5.480152514364210470e-01
3.729999999999999982e-01 6.306709787638453690e-01
3.739999999999999991e-01 6.546594445645901317e-01
3.750000000000000000e-01 5.751756274698572868e-01
3.760000000000000009e-01 2.385855475014657667e-01
3.770000000000000018e-01 -6.987126351133195190e-02
3.780000000000000027e-01 -4.198648148136495117e-01
3.790000000000000036e-01 -6.272014910723071601e-01
3.800000000000000044e-01 -7.252189543065151733e-01
3.810000000000000053e-01 -7.399344689790855467e-01
3.820000000000000062e-01 -4.327095710299364018e-01
3.830000000000000071e-01 9.002701088528070397e-03
3.840000000000000080e-01 3.601425943561427090e-01
3.850000000000000089e-01 6.412351909798245098e-01
3.860000000000000098e-01 8.218049143843311199e-01
3.870000000000000107e-01 8.342046635225901507e-01
3.880000000000000115e-01 6.783376577828229559e-01
3.890000000000000124e-01 4.163191445719939265e-01
3.900000000000000133e-01 1.051928830259880737e-01
3.910000000000000142e-01 -3.237110834542504256e-01
3.920000000000000151e-01 -6.584129096670289227e-01
3.930000000000000160e-01 -9.091377246404312995e-01
3.940000000000000169e-01 -9.106563959143051390e-01
3.950000000000000178e-01 -6.841263632230345504e-01
3.960000000000000187e-01 -3.894006874567388921e-01
3.970000000000000195e-01 1.208935747174130632e-01
3.980000000000000204e-01 4.461739135454774741e-01
3.990000000000000213e-01 7.226525171908760869e-01
4.000000000000000222e-01 6.992048118816964752e-01
4.010000000000000231e-01 5.304315493738683829e-01
4.020000000000000240e-01 2.479972022432751499e-01
4.030000000000000249e-01 -5.791610881372409592e-02
4.040000000000000258e-01 -4.066385070617327679e-01
4.050000000000000266e-01 -7.311883760125972298e-01
4.060000000000000275e-01 -9.006207007353396188e-01
4.070000000000000284e-01 -9.339095699350056234e-01
4.080000000000000293e-01 -7.560838169226919980e-01
4.090000000000000302e-01 -5.196448572371482610e-01
4.100000000000000311e-01 -1.632480094551019834e-01
4.110000000000000320e-01 1.950657344986707897e-01
4.120000000000000329e-01 4.282438010578952237e-01
4.130000000000000338e-01 5.423085111168636230e-01
4.140000000000000346e-01 3.720427380329006106e-01
4.150000000000000355e-01 2.936379267609216526e-01
4.160000000000000364e-01 8.745159186385759176e-02
4.169999999999999818e-01 -3.243110875389991210e-01
4.179999999999999827e-01 -6.647150354293299701e-01
4.189999999999999836e-01 -9.357666894608938080e-01
4.199999999999999845e-01 -9.754827240406623856e-01
4.209999999999999853e-01 -9.412400453960737545e-01
4.219999999999999862e-01 -7.397196680457091000e-01
4.229999999999999871e-01 -4.335385304064475753e-01
4.239999999999999880e-01 -9.107322252059674161e-02
4.249999999999999889e-01 2.094198937063594945e-01
4.259999999999999898e-01 4.739873460814376105e-01
4.269999999999999907e-01 6.274236534650927677e-01
4.279999999999999916e-01 4.390316145681742444e-01
4.289999999999999925e-01 1.177007871983485054e-01
4.299999999999999933e-01 -2.390423806758367464e-01
4.309999999999999942e-01 -5.828467388344188427e-01
4.319999999999999951e-01 -9.107629715619975919e-01
4.329999999999999960e-01 -8.974051313650910355e-01
4.339999999999999969e-01 -7.522822745131289013e-01
4.349999999999999978e-01 -6.588373462164175409e-01
4.359999999999999987e-01 -2.678848577514458262e-01
4.369999999999999996e-01 6.920160286505423752e-02
4.380000000000000004e-01 3.166988808959135815e-01
4.390000000000000013e-01 6.387258485386337892e-01
4.400000000000000022e-01 6.261920314731012072e-01
4.410000000000000031e-01 4.905834877289353413e-01
4.420000000000000040e-01 4.052925443026227370e-01
4.430000000000000049e-01 8.513150671269258118e-02
4.440000000000000058e-01 -2.889855769295064936e-01
4.450000000000000067e-01 -5.961129266788409709e-01
4.460000000000000075e-01 -7.657889157335850960e-01
4.470000000000000084e-01 -8.872198533518546038e-01
4.480000000000000093e-01 -8.644792607634705917e-01
4.490000000000000102e-01 -6.424091177476529690e-01
4.500000000000000111e-01 -4.454552891020627237e-01
4.510000000000000120e-01 -1.815360318902432823e-01
4.520000000000000129e-01 2.811342318819080865e-02
4.530000000000000138e-01 9.798770186480691702e-02
4.540000000000000147e-01 -9.249364881690896878e-02
4.550000000000000155e-01 -2.890354715032779631e-01
4.560000000000000164e-01 -5.825960852081278896e-01
4.570000000000000173e-01 -9.646174847058555102e-01
4.580000000000000182e-01 -1.165796734879384511e+00
4.590000000000000191e-01 -1.303627096646401418e+00
4.600000000000000200e-01 -1.345577100944004734e+00
4.610000000000000209e-01 -1.220660719091316349e+00
4.620000000000000218e-01 -1.009618828533684676e+00
4.630000000000000226e-01 -7.097072776691976115e-01
4.640000000000000235e-01 -4.879324696115376336e-01
4.650000000000000244e-01 -1.181801124820666821e-01
4.660000000000000253e-01 1.494172382159629497e-01
4.670000000000000262e-01 1.595768561494557147e-01
4.680000000000000271e-01 -4.580152722877783161e-02
4.690000000000000280e-01 -2.870789988170160956e-01
4.700000000000000289e-01 -6.068424739337058282e-01
4.710000000000000298e-01 -8.506838833030077041e-01
4.720000000000000306e-01 -1.104818611620063340e+00
4.730000000000000315e-01 -1.180143326763498868e+00
4.740000000000000324e-01 -1.054533658921666950e+00
4.750000000000000333e-01 -8.969150559522379718e-01
4.760000000000000342e-01 -6.778259789173134431e-01
4.770000000000000351e-01 -3.106524909412896607e-01
4.780000000000000360e-01 -5.445160301271757125e-02
4.790000000000000369e-01 1.172589186815652801e-01
4.799999999999999822e-01 2.170160926512879063e-01
4.809999999999999831e-01 1.627707992538464377e-01
4.819999999999999840e-01 1.017762292510394732e-02
4.829999999999999849e-01 -2.647454235957514279e-01
4.839999999999999858e-01 -5.377059145438284338e-01
4.849999999999999867e-01 -6.857051881722537878e-01
4.859999999999999876e-01 -6.832600831402639852e-01
4.869999999999999885e-01 -5.633065488593215209e-01
4.879999999999999893e-01 -4.326354294378678689e-01
4.889999999999999902e-01 -2.271346174703280651e-01
4.899999999999999911e-01 -6.106702352048989924e-02
4.909999999999999920e-01 1.136555841706547165e-01
4.919999999999999929e-01 3.679197056128075682e-01
4.929999999999999938e-01 6.301207526927470326e-01
4.939999999999999947e-01 5.534856471477210826e-01
4.949999999999999956e-01 3.634502737520127758e-01
4.959999999999999964e-01 1.413715153035257077e-01
4.969999999999999973e-01 -1.700537812239116542e-01
4.979999999999999982e-01 -3.633800047233803898e-01
4.989999999999999991e-01 -4.685871234320945766e-01
5.000000000000000000e-01 -6.096830911205300962e-01
5.010000000000000009e-01 -6.403822428645394860e-01
5.020000000000000018e-01 -3.942583993212347426e-01
5.030000000000000027e-01 -1.606146780138828500e-01
5.040000000000000036e-01 -3.955290440046451556e-02
5.050000000000000044e-01 1.380836870426009333e-01
5.060000000000000053e-01 2.879319013454386122e-01
5.070000000000000062e-01 3.857278269499502255e-01
5.080000000000000071e-01 2.591379727915693043e-01
5.090000000000000080e-01 1.306095358040986476e-01
5.100000000000000089e-01 1.141400187670275207e-01
5.110000000000000098e-01 1.519311413271135815e-02
5.120000000000000107e-01 -1.598966987998043654e-01
5.130000000000000115e-01 -1.858185020122133380e-01
5.140000000000000124e-01 -1.436884788912377586e-01
5.150000000000000133e-01 6.924099342674640278e-02
5.160000000000000142e-01 2.384106800842597518e-01
5.170000000000000151e-01 3.922332927006587089e-01
5.180000000000000160e-01 4.891595546782717130e-01
5.190000000000000169e-01 5.301748478982689639e-01
5.200000000000000178e-01 5.154321335678359040e-01
5.210000000000000187e-01 4.054488107766380800e-01
5.220000000000000195e-01 2.665241217430491805e-01
5.230000000000000204e-01 1.293299607710270693e-01
5.240000000000000213e-01 -5.176773401017749354e-02
5.250000000000000222e-01 -2.408826301226908440e-01
5.260000000000000231e-01 -3.521548269619208527e-01
5.270000000000000240e-01 -2.950599722413662640e-01
5.280000000000000249e-01 -2.554490198098202658e-01
5.290000000000000258e-01 -1.983312172557830100e-01
5.300000000000000266e-01 3.643065709783679940e-02
5.310000000000000275e-01 1.366000497932939872e-01
5.320000000000000284e-01 1.922530101714752249e-01
5.330000000000000293e-01 3.026692524966161368e-01
5.340000000000000302e-01 3.729200120516804051e-01
5.350000000000000311e-01 2.019257155664149761e-01
5.360000000000000320e-01 1.757664093854613419e-02
5.370000000000000329e-01 1.310031878204327422e-04
5.380000000000000338e-01 -1.218983456026681150e-01
5.390000000000000346e-01 -1.730812620392246093e-01
5.400000000000000355e-01 -1.633670787300767480e-01
5.410000000000000364e-01 -1.061100409968366298e-01
5.420000000000000373e-01 -7.132111962341380895e-02
5.430000000000000382e-01 8.688092648605666435e-02
5.440000000000000391e-01 2.698447696462643597e-01
5.450000000000000400e-01 4.095930428934567713e-01
5.460000000000000409e-01 5.224229919524310262e-01
5.470000000000000417e-01 5.417928590502733011e-01
5.480000000000000426e-01 6.370130791887207433e-01
5.490000000000000435e-01 4.979025713348179671e-01
5.500000000000000444e-01 4.762653395966381376e-01
5.510000000000000453e-01 3.945556747469778358e-01
5.520000000000000462e-01 3.164428554614490130e-01
5.530000000000000471e-01 3.841694840211143935e-01
5.540000000000000480e-01 4.294221330831670680e-01
5.550000000000000488e-01 3.905171410743222826e-01
5.560000000000000497e-01 4.407745485837392674e-01
5.570000000000000506e-01 4.610671668693834269e-01
5.580000000000000515e-01 5.529920106685517478e-01
5.590000000000000524e-01 5.620457988326201804e-01
5.600000000000000533e-01 5.771006859470588779e-01
5.610000000000000542e-01 5.816303037117966923e-01
5.620000000000000551e-01 4.895835031932609938e-01
5.630000000000000560e-01 1.954341731005367344e-01
5.640000000000000568e-01 -8.027518675141266657e-03
5.650000000000000577e-01 -2.076564248901297677e-02
5.660000000000000586e-01 1.246449422681564570e-02
5.670000000000000595e-01 6.414823262895558154e-02
5.680000000000000604e-01 1.387791945498634549e-01
5.690000000000000613e-01 2.600583753495149808e-01
5.700000000000000622e-01 3.603380589862495986e-01
5.710000000000000631e-01 4.233912437094071168e-01
5.720000000000000639e-01 3.981031317190165120e-01
5.730000000000000648e-01 4.254053326533457913e-01
5.740000000000000657e-01 3.733536375109278160e-01
5.750000000000000666e-01 2.938994514927494861e-01
5.760000000000000675e-01 3.186615230522739095e-01
5.769999999999999574e-01 2.533450829923665770e-01
5.779999999999999583e-01 2.683608273285341128e-01
5.789999999999999591e-01 2.576120305995756032e-01
5.799999999999999600e-01 2.310849837418902097e-01
5.809999999999999609e-01 2.275246215215297463e-01
5.819999999999999618e-01 2.738159003017955895e-01
5.829999999999999627e-01 3.650804426533544866e-01
5.839999999999999636e-01 4.369776021152229628e-01
5.849999999999999645e-01 3.904626436856781235e-01
5.859999999999999654e-01 4.047441622399624017e-01
5.869999999999999662e-01 4.783002927998699083e-01
5.879999999999999671e-01 3.702594622343924891e-01
5.889999999999999680e-01 2.414503107383693115e-01
5.899999999999999689e-01 1.281158657629403730e-01
5.909999999999999698e-01 6.200654147675993544e-02
5.919999999999999707e-01 -5.436945761429334140e-02
5.929999999999999716e-01 9.867767878060115794e-02
5.939999999999999725e-01 1.147303408977637940e-01
5.949999999999999734e-01 1.354947517420606040e-01
5.959999999999999742e-01 3.025941639108977177e-01
5.969999999999999751e-01 2.993135369550144476e-01
5.979999999999999760e-01 2.886052133361420302e-01
5.989999999999999769e-01 2.886781461260513049e-01
5.999999999999999778e-01 3.395808030508924991e-01
6.009999999999999787e-01 3.781438913546486535e-01
6.019999999999999796e-01 3.296364507876382022e-01
6.029999999999999805e-01 2.252952610040142301e-01
6.039999999999999813e-01 1.838038889541107890e-01
6.049999999999999822e-01 1.116641886796055638e-01
6.059999999999999831e-01 2.965555596981670275e-02
6.069999999999999840e-01 -8.247874541129851522e-02
6.079999999999999849e-01 -1.789458444937599702e-01
6.089999999999999858e-01 -1.187306597237277189e-01
6.099999999999999867e-01 -1.533954483405554903e-01
6.109999999999999876e-01 -2.036981903456512588e-02
6.119999999999999885e-01 9.910308762588514175e-02
6.129999999999999893e-01 1.362838014027744626e-01
6.139999999999999902e-01 1.433802734963457726e-01
6.149999999999999911e-01 6.244258381122550633e-02
6.159999999999999920e-01 3.414671295494264153e-02
6.169999999999999929e-01 6.460107620813673734e-02
6.179999999999999938e-01 -2.416016040125134809e-02
6.189999999999999947e-01 3.140018447009805536e-02
6.199999999999999956e-01 6.800621978053209005e-02
6.209999999999999964e-01 3.031974909658083708e-02
6.219999999999999973e-01 1.965878579075024390e-01
6.229999999999999982e-01 3.752263727398295057e-01
6.239999999999999991e-01 3.807288904687933795e-01
6.250000000000000000e-01 2.946713251840440972e-01
6.260000000000000009e-01 2.894876526589710841e-01
6.270000000000000018e-01 4.040358462707043796e-01
6.280000000000000027e-01 3.068081742607297047e-01
6.290000000000000036e-01 2.516002107313542457e-01
6.300000000000000044e-01 1.127395276260084733e-01
6.310000000000000053e-01 1.582498098988997515e-01
6.320000000000000062e-01 1.496294061431211186e-01
6.330000000000000071e-01 1.043657944482882793e-01
6.340000000000000080e-01 8.391639156708464997e-02
6.350000000000000089e-01 1.220525569607182198e-01
6.360000000000000098e-01 1.608789726480494009e-01
6.370000000000000107e-01 1.848702631976350264e-01
6.380000000000000115e-01 1.637108007108637187e-01
6.390000000000000124e-01 1.812614828448473048e-01
6.400000000000000133e-01 1.853225341917406344e-01
6.410000000000000142e-01 6.529198777243025442e-02
6.420000000000000151e-01 1.601520815378309481e-01
6.430000000000000160e-01 1.893229069464799630e-01
6.440000000000000169e-01 2.186387282890725481e-01
6.450000000000000178e-01 3.002140394079071961e-01
6.460000000000000187e-01 2.113502827335798917e-01
6.470000000000000195e-01 1.987786730620695330e-01
6.480000000000000204e-01 1.343281559763074284e-01
6.490000000000000213e-01 -5.283320699265203757e-02
6.500000000000000222e-01 -1.255624510165445074e-01
6.510000000000000231e-01 -1.102011143357899819e-01
6.520000000000000240e-01 -1.688146954973540059e-01
6.530000000000000249e-01 -1.363946336025240458e-01
6.540000000000000258e-01 -1.662066568576466008e-01
6.550000000000000266e-01 -7.345015976375543487e-02
6.560000000000000275e-01 -1.277253239083646630e-01
6.570000000000000284e-01 -5.367778732179454004e-02
6.580000000000000293e-01 -1.825381706983796384e-02
6.590000000000000302e-01 -1.271818535839292982e-02
6.600000000000000311e-01 2.737920528686550031e-02
6.610000000000000320e-01 6.228833563695377468e-02
6.620000000000000329e-01 1.177695629916678394e-01
6.630000000000000338e-01 1.125382156842247294e-01
6.640000000000000346e-01 1.911211720377095080e-01
6.650000000000000355e-01 2.286423275786277909e-01
6.660000000000000364e-01 1.982938334060072860e-01
6.670000000000000373e-01 2.039654569522541261e-01
6.680000000000000382e-01 1.827922065752398961e-01
6.690000000000000391e-01 1.309663705509532816e-01
6.700000000000000400e-01 7.346088905313502559e-02
6.710000000000000409e-01 1.368778570378176573e-01
6.720000000000000417e-01 2.504901733367368988e-01
6.730000000000000426e-01 2.875179397660313496e-01
6.740000000000000435e-01 3.009135273639360064e-01
6.750000000000000444e-01 3.661573849545401993e-01
6.760000000000000453e-01 3.097144884623973526e-01
6.770000000000000462e-01 2.207280606949383051e-01
6.780000000000000471e-01 2.027433159488795100e-01
6.790000000000000480e-01 3.142535839932994457e-01
6.800000000000000488e-01 3.018781458100179282e-01
6.810000000000000497e-01 1.733538982655810912e-01
6.820000000000000506e-01 1.443798262198910110e-01
6.830000000000000515e-01 1.377452530773815020e-01
6.840000000000000524e-01 4.622473905910274433e-02
6.850000000000000533e-01 5.699364059304400792e-02
6.860000000000000542e-01 1.023147457220657114e-01
6.870000000000000551e-01 -6.389307804819111848e-03
6.880000000000000560e-01 -1.449118356943443764e-01
6.890000000000000568e-01 -1.183636346946359413e-01
6.900000000000000577e-01 -2.271009126647752507e-01
6.910000000000000586e-01 -2.557917818723153824e-01
6.920000000000000595e-01 -3.290861000943577919e-01
6.930000000000000604e-01 -2.995372782174087201e-01
6.940000000000000613e-01 -3.317032327339241027e-01
6.950000000000000622e-01 -2.454732324130323995e-01
6.960000000000000631e-01 -1.820620611842659331e-01
6.970000000000000639e-01 -2.102471290351612676e-01
6.980000000000000648e-01 -2.291439465342541004e-01
6.990000000000000657e-01 -3.072740499394130964e-01
7.000000000000000666e-01 -3.352463199837131813e-01
7.010000000000000675e-01 -3.635029057135411579e-01
7.020000000000000684e-01 -2.730691043337453716e-01
7.030000000000000693e-01 -4.888298405293106108e-01
7.039999999999999591e-01 -4.389498799739227075e-01
7.049999999999999600e-01 -2.853952261369710475e-01
7.059999999999999609e-01 -1.896888868501442893e-01
7.069999999999999618e-01 -9.680339346510855036e-02
7.079999999999999627e-01 2.038381130314508016e-02
7.089999999999999636e-01 9.252010479611898208e-02
7.099999999999999645e-01 1.104682599641278601e-01
7.109999999999999654e-01 8.118998188922588177e-02
7.119999999999999662e-01 -9.600293472220756616e-03
7.129999999999999671e-01 2.241236661408943509e-02
7.139999999999999680e-01 1.030378587853657130e-01
7.149999999999999689e-01 9.290409711998737219e-03
7.159999999999999698e-01 1.301798190943622424e-01
7.169999999999999707e-01 1.178112460729857924e-01
7.179999999999999716e-01 6.641341286147525724e-02
7.189999999999999725e-01 5.730380896137021035e-02
7.199999999999999734e-01 -9.051386261028597849e-03
7.209999999999999742e-01 9.804900262693309887e-03
7.219999999999999751e-01 -3.016787583605612735e-02
7.229999999999999760e-01 -4.920153740152639205e-02
7.239999999999999769e-01 -8.116353439091014699e-02
7.249999999999999778e-01 -1.418140668781580349e-01
7.259999999999999787e-01 -1.419245289257258513e-01
7.269999999999999796e-01 -2.287693338522308051e-01
7.279999999999999805e-01 -1.446928438927491956e-01
7.289999999999999813e-01 -1.488094273365067888e-01
7.299999999999999822e-01 -2.158485379518403913e-01
7.309999999999999831e-01 -1.583749780601403367e-01
7.319999999999999840e-01 -8.108681680146835602e-02
7.329999999999999849e-01 -1.330672196198087742e-01
7.339999999999999858e-01 -1.112724967960978389e-01
7.349999999999999867e-01 -1.132964457362572730e-01
7.359999999999999876e-01 -1.472211192041007199e-01
7.369999999999999885e-01 -8.536777419304983350e-02
7.379999999999999893e-01 -2.103090602626872530e-02
7.389999999999999902e-01 2.930482298464926263e-02
7.399999999999999911e-01 2.018621813609104421e-01
7.409999999999999920e-01 2.535858413596809302e-01
7.419999999999999929e-01 2.732541285265182585e-01
7.429999999999999938e-01 3.456701999873474929e-01
7.439999999999999947e-01 2.445026101170029442e-01
7.449999999999999956e-01 2.440602588014566254e-01
7.459999999999999964e-01 2.188050793090391410e-01
7.469999999999999973e-01 1.735764311097364454e-01
7.479999999999999982e-01 2.012574661302121426e-01
7.489999999999999991e-01 1.634357488644121725e-01
7.500000000000000000e-01 1.825897190558068983e-01
7.510000000000000009e-01 1.628401645942986753e-01
7.520000000000000018e-01 9.759480343086868182e-02
7.530000000000000027e-01 5.916329409743423251e-02
7.540000000000000036e-01 4.924332634153470029e-02
7.550000000000000044e-01 4.981832385211874131e-02
7.560000000000000053e-01 1.686837171173256045e-01
7.570000000000000062e-01 2.195265267972838219e-01
7.580000000000000071e-01 1.875868305716978934e-01
7.590000000000000080e-01 1.774308711309519893e-01
7.600000000000000089e-01 1.571855092385691377e-01
7.610000000000000098e-01 2.000840628151272227e-01
7.620000000000000107e-01 2.095648412680815031e-01
7.630000000000000115e-01 2.353465832051070405e-01
7.640000000000000124e-01 3.525845045984171144e-01
7.650000000000000133e-01 4.085201167418668899e-01
7.660000000000000142e-01 3.772285171399105685e-01
7.670000000000000151e-01 3.536330191445035687e-01
7.680000000000000160e-01 3.137910256878068682e-01
7.690000000000000169e-01 3.184901557814276418e-01
7.700000000000000178e-01 3.296683567527895486e-01
7.710000000000000187e-01 3.388817447426696883e-01
7.720000000000000195e-01 3.142327829853509003e-01
7.730000000000000204e-01 4.690546237821702213e-01
7.740000000000000213e-01 6.037682740563817818e-01
7.750000000000000222e-01 5.333937431612397750e-01
7.760000000000000231e-01 4.701056191312997234e-01
7.770000000000000240e-01 4.706239574427500405e-01
7.780000000000000249e-01 5.422237156988604090e-01
7.790000000000000258e-01 4.774169032262063350e-01
7.800000000000000266e-01 4.478151162315145428e-01
7.810000000000000275e-01 4.255365840991101045e-01
7.820000000000000284e-01 4.716723859630763682e-01
7.830000000000000293e-01 4.556056936109490474e-01
7.840000000000000302e-01 4.171241773643737938e-01
7.850000000000000311e-01 3.153157168416622635e-01
7.860000000000000320e-01 3.254112437014200498e-01
7.870000000000000329e-01 2.611890070512705719e-01
7.880000000000000338e-01 2.841178914572562997e-01
7.890000000000000346e-01 1.808842278102965884e-01
7.900000000000000355e-01 1.738826974762591182e-01
7.910000000000000364e-01 2.423973547566004028e-01
7.920000000000000373e-01 3.355923315066325907e-01
7.930000000000000382e-01 2.231997156864310716e-01
7.940000000000000391e-01 2.015778387156470786e-01
7.950000000000000400e-01 1.584324147461812216e-01
7.960000000000000409e-01 1.034885045233952527e-01
7.970000000000000417e-01 1.292887504676600297e-01
7.980000000000000426e-01 2.286340185443558604e-01
7.990000000000000435e-01 2.402472148589719358e-01
8.000000000000000444e-01 2.644787999848154381e-01
8.010000000000000453e-01 3.952175072442102310e-01
8.020000000000000462e-01 3.041298900912023373e-01
8.030000000000000471e-01 2.298426458701883501e-01
8.040000000000000480e-01 2.608019265425499111e-01
8.050000000000000488e-01 2.545614748412938777e-01
8.060000000000000497e-01 1.896286490321975604e-01
8.070000000000000506e-01 1.404358797384480662e-01
8.080000000000000515e-01 1.796055105965406185e-01
8.090000000000000524e-01 2.631120227379885046e-01
8.100000000000000533e-01 1.861869880807483224e-01
8.110000000000000542e-01 1.233740509581942868e-01
8.120000000000000551e-01 2.640476554630700329e-02
8.130000000000000560e-01 2.439506535922001187e-02
8.140000000000000568e-01 1.953721835066207432e-02
8.150000000000000577e-01 1.084006596663707744e-01
8.160000000000000586e-01 9.995476927612725881e-02
8.170000000000000595e-01 1.370631114162210451e-01
8.180000000000000604e-01 1.546703230730578915e-01
8.190000000000000613e-01 2.958314014139753687e-02
8.200000000000000622e-01 5.832544474411491958e-02
8.210000000000000631e-01 6.709276945396872027e-02
8.220000000000000639e-01 5.601903849988604939e-02
8.230000000000000648e-01 7.056872072225643666e-02
8.240000000000000657e-01 5.305439415547867632e-02
8.250000000000000666e-01 -7.056263972213437652e-02
8.260000000000000675e-01 -3.536994801230835400e-02
8.270000000000000684e-01 1.112628984018519500e-02
8.280000000000000693e-01 -8.483497749546801969e-02
8.290000000000000702e-01 -8.465330842729250349e-02
8.300000000000000711e-01 -6.028833478108491101e-02
8.310000000000000719e-01 -1.183206673274766890e-01
8.320000000000000728e-01 -1.501370843266442712e-01
8.329999999999999627e-01 -1.411256837807266795e-01
8.339999999999999636e-01 -9.019819548505575435e-02
8.349999999999999645e-01 -4.296963619531481669e-03
8.359999999999999654e-01 -8.115363545749348928e-02
8.369999999999999662e-01 -8.854482644688818627e-02
8.379999999999999671e-01 -1.036651945622496657e-01
8.389999999999999680e-01 -5.937345128380516757e-02
8.399999999999999689e-01 7.294872694991766382e-02
8.409999999999999698e-01 1.526616222436150694e-01
8.419999999999999707e-01 1.739818299955300795e-01
8.429999999999999716e-01 1.267889610272249501e-01
8.439999999999999725e-01 -5.960916480461456862e-02
8.449999999999999734e-01 -9.363124453114761436e-02
8.459999999999999742e-01 -1.667725010103355554e-01
8.469999999999999751e-01 5.558207747781716834e-02
8.479999999999999760e-01 2.030326751227535254e-01
8.489999999999999769e-01 3.497171096874604479e-01
8.499999999999999778e-01 5.526578593740263390e-01
8.509999999999999787e-01 4.642630304414958609e-01
8.519999999999999796e-01 4.217705582042463042e-01
8.529999999999999805e-01 3.740442691920793927e-01
8.539999999999999813e-01 1.881789664300788090e-01
8.549999999999999822e-01 9.927322162884823220e-02
8.559999999999999831e-01 7.140247705068353268e-02
8.569999999999999840e-01 5.749936607236924568e-02
8.579999999999999849e-01 7.703179900782984590e-02
8.589999999999999858e-01 -9.893774720044917065e-03
8.599999999999999867e-01 -2.795665862720321179e-02
8.609999999999999876e-01 9.385467101733979624e-05
8.619999999999999885e-01 8.110671877776841343e-02
8.629999999999999893e-01 -1.527422624853420549e-02
8.639999999999999902e-01 -4.529328228530309086e-02
8.649999999999999911e-01 -1.047121567652742752e-01
8.659999999999999920e-01 -5.581980780569216483e-02
8.669999999999999929e-01 -4.726903550539680171e-02
8.679999999999999938e-01 -4.361173897622040718e-02
8.689999999999999947e-01 -2.121638798229062706e-02
8.699999999999999956e-01 -4.119539133314879115e-02
8.709999999999999964e-01 6.615619030098340847e-02
8.719999999999999973e-01 1.797357502045832806e-02
8.729999999999999982e-01 -4.516313517805764510e-02
8.739999999999999991e-01 1.957944990881972658e-02
8.750000000000000000e-01 -5.500286846226978832e-02
8.760000000000000009e-01 -1.799195470783606643e-01
8.770000000000000018e-01 -1.533698681597047697e-01
8.780000000000000027e-01 -1.354623117485676820e-01
8.790000000000000036e-01 -1.161069071013020593e-01
8.800000000000000044e-01 -1.360843513893547629e-02
8.810000000000000053e-01 -1.001721109696677020e-01
8.820000000000000062e-01 -2.295593379890485952e-01
8.830000000000000071e-01 -2.342133728601960840e-01
8.840000000000000080e-01 -2.228673034044605927e-01
8.850000000000000089e-01 -1.892727686580677748e-01
8.860000000000000098e-01 -2.132620745656820527e-01
8.870000000000000107e-01 -1.406359987713418636e-01
8.880000000000000115e-01 -1.853640792395432058e-01
8.890000000000000124e-01 -1.902028514690720096e-01
8.900000000000000133e-01 -2.843879200261332230e-01
8.910000000000000142e-01 -1.649103259314935732e-01
8.920000000000000151e-01 -1.886207263735329986e-01
8.930000000000000160e-01 1.507107005201484620e-02
8.940000000000000169e-01 6.271707800718948067e-02
8.950000000000000178e-01 -1.072530791722326737e-01
8.960000000000000187e-01 -1.852636570921467052e-01
8.970000000000000195e-01 -1.267743877764014593e-01
8.980000000000000204e-01 -1.223205079234886417e-01
8.990000000000000213e-01 -1.861825852705875362e-01
9.000000000000000222e-01 -1.614345888250949546e-01
9.010000000000000231e-01 -1.742741015191938692e-01
9.020000000000000240e-01 -2.108501888022545900e-01
9.030000000000000249e-01 -2.625038579903994362e-01
9.040000000000000258e-01 -2.682388776653336637e-01
9.050000000000000266e-01 -3.084711514201998739e-01
9.060000000000000275e-01 -4.064249095926866229e-01
9.070000000000000284e-01 -4.222338658258531496e-01
9.080000000000000293e-01 -4.561270438071485800e-01
9.090000000000000302e-01 -4.578465898408070611e-01
9.100000000000000311e-01 -3.553897532120168790e-01
9.110000000000000320e-01 -4.650001794897637986e-01
9.120000000000000329e-01 -5.267289004177755363e-01
9.130000000000000338e-01 -5.608510842330781676e-01
9.140000000000000346e-01 -5.103776197595700781e-01
9.150000000000000355e-01 -4.350803283170144864e-01
9.160000000000000364e-01 -4.347484011672979043e-01
9.170000000000000373e-01 -3.939792760330177446e-01
9.180000000000000382e-01 -3.809441843825787655e-01
9.190000000000000391e-01 -3.055432359353056904e-01
9.200000000000000400e-01 -3.960452433659827354e-01
9.210000000000000409e-01 -4.117133355421766505e-01
9.220000000000000417e-01 -3.273577924282354834e-01
9.230000000000000426e-01 -2.378688394783428361e-01
9.240000000000000435e-01 -2.390234404692098691e-01
9.250000000000000444e-01 -3.337053588696760609e-01
9.260000000000000453e-01 -1.855399873060679938e-01
9.270000000000000462e-01 -1.038524719529567292e-01
9.280000000000000471e-01 3.258548221902694136e-02
9.290000000000000480e-01 1.594156824791146954e-01
9.300000000000000488e-01 1.728476510583946968e-01
9.310000000000000497e-01 1.001505546636025784e-01
9.320000000000000506e-01 3.068972699319175504e-02
9.330000000000000515e-01 -5.510994842174932185e-02
9.340000000000000524e-01 -8.251008644829016525e-02
9.350000000000000533e-01 4.120940743794153371e-02
9.360000000000000542e-01 7.479202000434827247e-02
9.370000000000000551e-01 -4.795286140260056340e-02
9.380000000000000560e-01 -5.962574108295437547e-02
9.390000000000000568e-01 4.980574746861097385e-02
9.400000000000000577e-01 6.899096379140871871e-03
9.410000000000000586e-01 6.585979435137054305e-02
9.420000000000000595e-01 7.701718051831635270e-02
9.430000000000000604e-01 4.931423946227218164e-02
9.440000000000000613e-01 -9.371251910477727820e-02
9.450000000000000622e-01 -1.166911342441235289e-01
9.460000000000000631e-01 3.232247184356992764e-02
9.470000000000000639e-01 8.215051423147225196e-02
9.480000000000000648e-01 5.357994627380924246e-02
9.490000000000000657e-01 6.161768265645776316e-02
9.500000000000000666e-01 -9.738123222884469132e-03
9.510000000000000675e-01 -1.207761003147878390e-02
9.520000000000000684e-01 1.126022039275082452e-02
9.530000000000000693e-01 6.438284593174600778e-02
9.540000000000000702e-01 1.568538009063188965e-01
9.550000000000000711e-01 1.726881794154032368e-01
9.560000000000000719e-01 2.350608515327954062e-01
9.570000000000000728e-01 3.090443160888328711e-01
9.580000000000000737e-01 3.686582116317768110e-01
9.590000000000000746e-01 4.113873021844879352e-01
9.599999999999999645e-01 4.515698740936809896e-01
9.609999999999999654e-01 3.601102797752220863e-01
9.619999999999999662e-01 2.474471771735324011e-01
9.629999999999999671e-01 1.943652956955056743e-01
9.639999999999999680e-01 2.115577623330996138e-01
9.649999999999999689e-01 2.505174842621306630e-01
9.659999999999999698e-01 2.576091768809736227e-01
9.669999999999999707e-01 3.229101712519779066e-01
9.679999999999999716e-01 1.764137264141766026e-01
9.689999999999999725e-01 1.630360812525598058e-01
9.699999999999999734e-01 8.384332220319822004e-02
9.709999999999999742e-01 9.545512932608025969e-02
9.719999999999999751e-01 1.222367426669650065e-01
9.729999999999999760e-01 1.228863053664390470e-01
9.739999999999999769e-01 6.781331043550910265e-02
9.749999999999999778e-01 1.634167834732729307e-01
9.759999999999999787e-01 3.171223950173893830e-02
9.769999999999999796e-01 -7.380385439541249648e-02
9.779999999999999805e-01 -8.639690923718978954e-02
9.789999999999999813e-01 -1.294839419416994042e-01
9.799999999999999822e-01 -1.284721882137858373e-01
9.809999999999999831e-01 -7.728072108344696822e-02
9.819999999999999840e-01 -1.015809569251231864e-01
9.829999999999999849e-01 -7.118387449888083363e-02
9.839999999999999858e-01 -8.883639956060346288e-02
9.849999999999999867e-01 -1.732804357575777332e-01
9.859999999999999876e-01 -1.793100803687347755e-01
9.869999999999999885e-01 -2.357158757940492344e-01
9.879999999999999893e-01 -2.423766995897174426e-01
9.889999999999999902e-01 -2.846250767345339661e-01
9.899999999999999911e-01 -1.743168468434978524e-01
9.909999999999999920e-01 -9.083230777174758352e-02
9.919999999999999929e-01 -1.152846087262968250e-01
9.929999999999999938e-01 -1.622509534839632617e-01
9.939999999999999947e-01 -3.657143752718515217e-01
9.949999999999999956e-01 -3.895614129356956834e-01
9.959999999999999964e-01 -3.879169017811726627e-01
9.969999999999999973e-01 -2.663030633939358904e-01
9.979999999999999982e-01 -2.187176996326159473e-01
9.989999999999999991e-01 -2.128346311420590276e-01
