# Exercise 7.1 b).
# t (s), I (mA)
0.000000000000000000e+00 1.989088255100671443e+00
2.000000000000000042e-03 1.669695425011675116e+00
4.000000000000000083e-03 2.170323463754484816e+00
6.000000000000000125e-03 1.575617021775897575e+00
8.000000000000000167e-03 1.924890424711630299e+00
1.000000000000000021e-02 1.953188247886508355e+00
1.200000000000000025e-02 1.497724730048292985e+00
1.400000000000000029e-02 1.933632701742034499e+00
1.600000000000000033e-02 1.689941358051969766e+00
1.800000000000000211e-02 1.991703300478973926e+00
2.000000000000000042e-02 1.531521206180666228e+00
2.199999999999999872e-02 1.848626760071285569e+00
2.400000000000000050e-02 1.786535392563792124e+00
2.600000000000000228e-02 1.730572816705898243e+00
2.800000000000000058e-02 1.534500082993678571e+00
2.999999999999999889e-02 1.450512391035786663e+00
3.200000000000000067e-02 2.116173479565602644e+00
3.400000000000000244e-02 2.034966703470175720e+00
3.600000000000000422e-02 1.812644808496951976e+00
3.799999999999999906e-02 1.842739110016342829e+00
4.000000000000000083e-02 1.295003816812227981e+00
4.200000000000000261e-02 1.870706805587939670e+00
4.399999999999999745e-02 2.158778526169245371e+00
4.599999999999999922e-02 1.042125597048997099e+00
4.800000000000000100e-02 1.626483176035838696e+00
5.000000000000000278e-02 2.063528529377522513e+00
5.200000000000000455e-02 1.372419455169836100e+00
5.399999999999999939e-02 1.679780442907806037e+00
5.600000000000000117e-02 1.711691936128204139e+00
5.800000000000000294e-02 1.612486506559534627e+00
5.999999999999999778e-02 1.497543531188473720e+00
6.199999999999999956e-02 1.719776886174025243e+00
6.400000000000000133e-02 1.641934610285979312e+00
6.600000000000000311e-02 1.781042674795722203e+00
6.800000000000000488e-02 1.479517005007823460e+00
7.000000000000000666e-02 1.935907786482869319e+00
7.200000000000000844e-02 1.652028992351735948e+00
7.399999999999999634e-02 1.732577914889467108e+00
7.599999999999999811e-02 1.919599352623664767e+00
7.799999999999999989e-02 1.784504705617047104e+00
8.000000000000000167e-02 1.672115167659248280e+00
8.200000000000000344e-02 1.623151248598783791e+00
8.400000000000000522e-02 1.778312031486231515e+00
8.600000000000000699e-02 1.904787173723481386e+00
8.799999999999999489e-02 1.897151785054540074e+00
8.999999999999999667e-02 1.677299981136914475e+00
9.199999999999999845e-02 1.568988166272063056e+00
9.400000000000000022e-02 1.310876908781274164e+00
9.600000000000000200e-02 2.009154319103200859e+00
9.800000000000000377e-02 1.573494739223400440e+00
1.000000000000000056e-01 1.708787038197892239e+00
1.020000000000000073e-01 1.889348823398849575e+00
1.040000000000000091e-01 1.782162933063200061e+00
1.059999999999999970e-01 1.672226482312579421e+00
1.079999999999999988e-01 1.673366343623042374e+00
1.100000000000000006e-01 1.648243118861776324e+00
1.120000000000000023e-01 1.705089701847491979e+00
1.140000000000000041e-01 1.430690788339804342e+00
1.160000000000000059e-01 1.455539579556243801e+00
1.180000000000000077e-01 1.720558219195436722e+00
1.199999999999999956e-01 1.911040946266713503e+00
1.219999999999999973e-01 1.476517799321537039e+00
1.239999999999999991e-01 1.641911143659540162e+00
1.260000000000000009e-01 1.670173382550186769e+00
1.280000000000000027e-01 1.576826998791215573e+00
1.300000000000000044e-01 1.593749555108151972e+00
1.320000000000000062e-01 1.708587659784925439e+00
1.340000000000000080e-01 1.810440696575286390e+00
1.360000000000000098e-01 1.732942971954746447e+00
1.380000000000000115e-01 1.824370411230555433e+00
1.400000000000000133e-01 1.739743307847491316e+00
1.420000000000000151e-01 1.735912052131896921e+00
1.440000000000000169e-01 1.846011111830669904e+00
1.459999999999999909e-01 1.634739363637814691e+00
1.479999999999999927e-01 1.767185488063290455e+00
1.499999999999999944e-01 1.597157965679249170e+00
1.519999999999999962e-01 1.698748568801022207e+00
1.539999999999999980e-01 1.744891531547949626e+00
1.559999999999999998e-01 1.881872703755424814e+00
1.580000000000000016e-01 1.740621700804300342e+00
1.600000000000000033e-01 1.882361881517477853e+00
1.620000000000000051e-01 1.802749492698561218e+00
1.640000000000000069e-01 1.852890253042916990e+00
1.660000000000000087e-01 1.609903950109885074e+00
1.680000000000000104e-01 1.868328848360418792e+00
1.700000000000000122e-01 1.644351579540100472e+00
1.720000000000000140e-01 1.606553814659974710e+00
1.740000000000000158e-01 1.599564413795008466e+00
1.759999999999999898e-01 1.888740432635084066e+00
1.779999999999999916e-01 2.010060775304348013e+00
1.799999999999999933e-01 1.939485072433315027e+00
1.819999999999999951e-01 1.712338178221300300e+00
1.839999999999999969e-01 1.819269727314381413e+00
1.859999999999999987e-01 1.668087543436964859e+00
1.880000000000000004e-01 1.707082149913395908e+00
1.900000000000000022e-01 1.568216589122329419e+00
1.920000000000000040e-01 1.879299981391348906e+00
1.940000000000000058e-01 1.860050744459365912e+00
1.960000000000000075e-01 1.771631409442828931e+00
1.980000000000000093e-01 1.716143893294774792e+00
2.000000000000000111e-01 1.547196323233908322e+00
2.020000000000000129e-01 1.715657771836214263e+00
2.040000000000000147e-01 1.943852454249453521e+00
2.060000000000000164e-01 1.797652354472532021e+00
2.080000000000000182e-01 1.965261099828835123e+00
2.099999999999999922e-01 1.738027597942912728e+00
2.119999999999999940e-01 1.880986667918319810e+00
2.139999999999999958e-01 1.870316111747056365e+00
2.159999999999999976e-01 1.952847087955046357e+00
2.179999999999999993e-01 1.702348365574880562e+00
2.200000000000000011e-01 1.886964826219831970e+00
2.220000000000000029e-01 1.828324191184564462e+00
2.240000000000000047e-01 1.748586461367232392e+00
2.260000000000000064e-01 1.537864670549774049e+00
2.280000000000000082e-01 1.933376436319714120e+00
2.300000000000000100e-01 1.729738498699867844e+00
2.320000000000000118e-01 1.575980494975960378e+00
2.340000000000000135e-01 1.895939530652211102e+00
2.360000000000000153e-01 1.554602439545327064e+00
2.380000000000000171e-01 1.722221525039639767e+00
2.399999999999999911e-01 1.587586508512781380e+00
2.419999999999999929e-01 1.587636413861993612e+00
2.439999999999999947e-01 1.679460034489757669e+00
2.459999999999999964e-01 1.545488326390610068e+00
2.479999999999999982e-01 1.782636082991352566e+00
2.500000000000000000e-01 1.496176189054028161e+00
2.520000000000000018e-01 1.775517683819842096e+00
2.540000000000000036e-01 1.481677018786000222e+00
2.560000000000000053e-01 1.699944608192746731e+00
2.580000000000000071e-01 1.512008897596486934e+00
2.600000000000000089e-01 1.626387150673489934e+00
2.620000000000000107e-01 1.549426527752118643e+00
2.640000000000000124e-01 1.510863667264765065e+00
2.660000000000000142e-01 1.399280139064455364e+00
2.680000000000000160e-01 1.489436232164250917e+00
2.700000000000000178e-01 1.455323894458996126e+00
2.720000000000000195e-01 1.802717550982813943e+00
2.740000000000000213e-01 1.578085961851611652e+00
2.760000000000000231e-01 1.530539021869202765e+00
2.780000000000000249e-01 1.614305661903957745e+00
2.800000000000000266e-01 1.371748819791556606e+00
2.820000000000000284e-01 1.327232446518099795e+00
2.840000000000000302e-01 1.385483972784018691e+00
2.860000000000000320e-01 1.388043676956479233e+00
2.880000000000000338e-01 1.468336270771168239e+00
2.899999999999999800e-01 1.519439982563925762e+00
2.919999999999999818e-01 1.452021580366533948e+00
2.939999999999999836e-01 1.342083619237266712e+00
2.959999999999999853e-01 1.621806005514554894e+00
2.979999999999999871e-01 1.415170949978648229e+00
2.999999999999999889e-01 1.622020119054940146e+00
3.019999999999999907e-01 1.601047772650856960e+00
3.039999999999999925e-01 1.434523859584172945e+00
3.059999999999999942e-01 1.366896418292096849e+00
3.079999999999999960e-01 1.439472546658486785e+00
3.099999999999999978e-01 1.427972925776958002e+00
3.119999999999999996e-01 1.641279112124133022e+00
3.140000000000000013e-01 1.549177448456850126e+00
3.160000000000000031e-01 1.370624230219062323e+00
3.180000000000000049e-01 1.453685263710357445e+00
3.200000000000000067e-01 1.347195222249737423e+00
3.220000000000000084e-01 1.646331777760872805e+00
3.240000000000000102e-01 1.554901826053453284e+00
3.260000000000000120e-01 1.582693443010291467e+00
3.280000000000000138e-01 1.535995511120925805e+00
3.300000000000000155e-01 1.308084936120889719e+00
3.320000000000000173e-01 1.691622900214774017e+00
3.340000000000000191e-01 1.438528713599703357e+00
3.360000000000000209e-01 1.569855837483940197e+00
3.380000000000000226e-01 1.496245249852314663e+00
3.400000000000000244e-01 1.582897384879155656e+00
3.420000000000000262e-01 1.589486419803712192e+00
3.440000000000000280e-01 1.406331155577159597e+00
3.460000000000000298e-01 1.434198094342485241e+00
3.480000000000000315e-01 1.309722493591995551e+00
3.500000000000000333e-01 1.402917385772116443e+00
3.519999999999999796e-01 1.556885498358221653e+00
3.539999999999999813e-01 1.624959958311883224e+00
3.559999999999999831e-01 1.425477869889483662e+00
3.579999999999999849e-01 1.555382307844545453e+00
3.599999999999999867e-01 1.641510330650453708e+00
3.619999999999999885e-01 1.495429424215976022e+00
3.639999999999999902e-01 1.512886084085704352e+00
3.659999999999999920e-01 1.561734850115668483e+00
3.679999999999999938e-01 1.420531189476281098e+00
3.699999999999999956e-01 1.482810227628581057e+00
3.719999999999999973e-01 1.562427252380378384e+00
3.739999999999999991e-01 1.318300616578363949e+00
3.760000000000000009e-01 1.263137150396676400e+00
3.780000000000000027e-01 1.463527490219784122e+00
3.800000000000000044e-01 1.285550408729894345e+00
3.820000000000000062e-01 1.334828113061084398e+00
3.840000000000000080e-01 1.238456303949892590e+00
3.860000000000000098e-01 1.511923950451842691e+00
3.880000000000000115e-01 1.416637729452290939e+00
3.900000000000000133e-01 1.189591677071278220e+00
3.920000000000000151e-01 1.520507259038454295e+00
3.940000000000000169e-01 1.467471872559225954e+00
3.960000000000000187e-01 1.498683213900358968e+00
3.980000000000000204e-01 1.224037047252753974e+00
4.000000000000000222e-01 1.155099794830547033e+00
4.020000000000000240e-01 1.135116410941648502e+00
4.040000000000000258e-01 1.254768104794123040e+00
4.060000000000000275e-01 1.277548780658089633e+00
4.080000000000000293e-01 1.170592332852063544e+00
4.100000000000000311e-01 1.343266580197294280e+00
4.120000000000000329e-01 1.297514031459090056e+00
4.140000000000000346e-01 1.255239531821356058e+00
4.160000000000000364e-01 1.444746439170575325e+00
4.179999999999999827e-01 1.378304604811062317e+00
4.199999999999999845e-01 1.364069121030381693e+00
4.219999999999999862e-01 1.081449812497359053e+00
4.239999999999999880e-01 1.203978818327855693e+00
4.259999999999999898e-01 1.196808704880851559e+00
4.279999999999999916e-01 1.130671456092426697e+00
4.299999999999999933e-01 1.040927885285527488e+00
4.319999999999999951e-01 1.316201356784548082e+00
4.339999999999999969e-01 1.113532743682388970e+00
4.359999999999999987e-01 1.035865177768525491e+00
4.380000000000000004e-01 1.043226443952530280e+00
4.400000000000000022e-01 1.210320835223662961e+00
4.420000000000000040e-01 1.300358905821713318e+00
4.440000000000000058e-01 1.108184638573527669e+00
4.460000000000000075e-01 1.052151670296997965e+00
4.480000000000000093e-01 1.200686431479888405e+00
4.500000000000000111e-01 1.228216443806334324e+00
4.520000000000000129e-01 1.104951147316407312e+00
4.540000000000000147e-01 1.070323309157964697e+00
4.560000000000000164e-01 1.414171822621242525e+00
4.580000000000000182e-01 1.215849653988878343e+00
4.600000000000000200e-01 1.175930735882728673e+00
4.620000000000000218e-01 1.180565594922662109e+00
4.640000000000000235e-01 1.234439004700586429e+00
4.660000000000000253e-01 1.439097278502238453e+00
4.680000000000000271e-01 1.305207794780557373e+00
4.700000000000000289e-01 1.410391367431532261e+00
4.720000000000000306e-01 1.451268365197514232e+00
4.740000000000000324e-01 1.479274395118885144e+00
4.760000000000000342e-01 1.334933324087699713e+00
4.780000000000000360e-01 1.318305445407796483e+00
4.799999999999999822e-01 1.508456718304952204e+00
4.819999999999999840e-01 1.353464926103262522e+00
4.839999999999999858e-01 1.312126500042945398e+00
4.859999999999999876e-01 1.509274350995912117e+00
4.879999999999999893e-01 1.549025955395320731e+00
4.899999999999999911e-01 1.665269724323011680e+00
4.919999999999999929e-01 1.510612135954115809e+00
4.939999999999999947e-01 1.737483109484049715e+00
4.959999999999999964e-01 1.741712298198832221e+00
4.979999999999999982e-01 1.615119820265496831e+00
5.000000000000000000e-01 1.844772751556859491e+00
5.020000000000000018e-01 1.671272243162290394e+00
5.040000000000000036e-01 1.777073650077870992e+00
5.060000000000000053e-01 1.770430419574265057e+00
5.080000000000000071e-01 1.786753478264717865e+00
5.100000000000000089e-01 1.628421399500713740e+00
5.120000000000000107e-01 1.685459416615515682e+00
5.140000000000000124e-01 1.741388154919830455e+00
5.160000000000000142e-01 1.916382822259096619e+00
5.180000000000000160e-01 2.105363562451446402e+00
5.200000000000000178e-01 1.933087920275001315e+00
5.220000000000000195e-01 1.965336216161069904e+00
5.240000000000000213e-01 1.965836022277133166e+00
5.260000000000000231e-01 2.167540547476687784e+00
5.280000000000000249e-01 2.165563926068548195e+00
5.300000000000000266e-01 2.252677865124794288e+00
5.320000000000000284e-01 2.224715475200675474e+00
5.340000000000000302e-01 2.030228876223642231e+00
5.360000000000000320e-01 2.284851977623666652e+00
5.380000000000000338e-01 2.304574125649916816e+00
5.400000000000000355e-01 2.379967753201204683e+00
5.420000000000000373e-01 2.271895278530793316e+00
5.440000000000000391e-01 2.429778431587084953e+00
5.460000000000000409e-01 2.442227824066801389e+00
5.480000000000000426e-01 2.330813007301032691e+00
5.500000000000000444e-01 2.685409846882488960e+00
5.520000000000000462e-01 2.667247328331695755e+00
5.540000000000000480e-01 2.508780834232555712e+00
5.560000000000000497e-01 2.810560736931631443e+00
5.580000000000000515e-01 2.661888262779964709e+00
5.600000000000000533e-01 2.760788891701558168e+00
5.620000000000000551e-01 2.665384599981882374e+00
5.640000000000000568e-01 2.706446797753334188e+00
5.660000000000000586e-01 2.769658281223956742e+00
5.680000000000000604e-01 3.050128276481847589e+00
5.700000000000000622e-01 2.963166040819381841e+00
5.720000000000000639e-01 3.098918591632749742e+00
5.740000000000000657e-01 3.023512537682890411e+00
5.760000000000000675e-01 2.757270322265801266e+00
5.779999999999999583e-01 2.964942070282072795e+00
5.799999999999999600e-01 2.704909108357607117e+00
5.819999999999999618e-01 2.867466684826078804e+00
5.839999999999999636e-01 2.959637550288818808e+00
5.859999999999999654e-01 2.803456725597744281e+00
5.879999999999999671e-01 2.663245955374449636e+00
5.899999999999999689e-01 2.870597533064975337e+00
5.919999999999999707e-01 2.660363389728449768e+00
5.939999999999999725e-01 2.893526882981627857e+00
5.959999999999999742e-01 2.566350306565644335e+00
5.979999999999999760e-01 2.610994152776571209e+00
5.999999999999999778e-01 2.754625706935579288e+00
6.019999999999999796e-01 2.722162495821771611e+00
6.039999999999999813e-01 2.561060011690349469e+00
6.059999999999999831e-01 2.471815355629734423e+00
6.079999999999999849e-01 2.694919794929788281e+00
6.099999999999999867e-01 2.568874085755818992e+00
6.119999999999999885e-01 2.695559370631170015e+00
6.139999999999999902e-01 2.345153315828913065e+00
6.159999999999999920e-01 2.613040865988853323e+00
6.179999999999999938e-01 2.636161823498769596e+00
6.199999999999999956e-01 2.590783312756347989e+00
6.219999999999999973e-01 2.447080829626685272e+00
6.239999999999999991e-01 2.445872700900511898e+00
6.260000000000000009e-01 2.280655255202649112e+00
6.280000000000000027e-01 2.482236498686373860e+00
6.300000000000000044e-01 2.178325224702869267e+00
6.320000000000000062e-01 2.217666414406073816e+00
6.340000000000000080e-01 2.029866355623433094e+00
6.360000000000000098e-01 2.106477607456603174e+00
6.380000000000000115e-01 2.173183450941159833e+00
6.400000000000000133e-01 2.352193688834097074e+00
6.420000000000000151e-01 2.230034259416733278e+00
6.440000000000000169e-01 2.162255905664143274e+00
6.460000000000000187e-01 1.947264298265651172e+00
6.480000000000000204e-01 1.978610827080336643e+00
6.500000000000000222e-01 2.206101797150335386e+00
6.520000000000000240e-01 1.976319215709593680e+00
6.540000000000000258e-01 1.872360553005888661e+00
6.560000000000000275e-01 2.123200074801836035e+00
6.580000000000000293e-01 1.824298226538830558e+00
6.600000000000000311e-01 2.015612386319909799e+00
6.620000000000000329e-01 1.996980576050771727e+00
6.640000000000000346e-01 1.960230839122535373e+00
6.660000000000000364e-01 1.676192220843193192e+00
6.680000000000000382e-01 1.789286906160972634e+00
6.700000000000000400e-01 1.805277247975528354e+00
6.720000000000000417e-01 1.988966053267619438e+00
6.740000000000000435e-01 1.587427268251138113e+00
6.760000000000000453e-01 1.637705323451342343e+00
6.780000000000000471e-01 1.685557855119072190e+00
6.800000000000000488e-01 1.600924106365199551e+00
6.820000000000000506e-01 1.588823921489016300e+00
6.840000000000000524e-01 1.834354641717499623e+00
6.860000000000000542e-01 1.684427252326096580e+00
6.880000000000000560e-01 1.457382691345106007e+00
6.900000000000000577e-01 1.838613247342344215e+00
6.920000000000000595e-01 1.708960519067269201e+00
6.940000000000000613e-01 1.798318580802585220e+00
6.960000000000000631e-01 1.756995713000741199e+00
6.980000000000000648e-01 1.446702413171062629e+00
7.000000000000000666e-01 1.476170720720845431e+00
7.020000000000000684e-01 1.567954658207307617e+00
7.039999999999999591e-01 1.684093860416234101e+00
7.059999999999999609e-01 1.373711594151294069e+00
7.079999999999999627e-01 1.706410240495738639e+00
7.099999999999999645e-01 1.364924473087295365e+00
7.119999999999999662e-01 1.358903600119836241e+00
7.139999999999999680e-01 1.400144030415685803e+00
7.159999999999999698e-01 1.356464498877933744e+00
7.179999999999999716e-01 1.296259273958862090e+00
7.199999999999999734e-01 1.322750906159702700e+00
7.219999999999999751e-01 1.643331115800977793e+00
7.239999999999999769e-01 1.404250757039804398e+00
7.259999999999999787e-01 1.436684893433904486e+00
7.279999999999999805e-01 1.315556518296398858e+00
7.299999999999999822e-01 1.328989215841562821e+00
7.319999999999999840e-01 1.498269100657662056e+00
7.339999999999999858e-01 1.400625951744915776e+00
7.359999999999999876e-01 1.465327611751945591e+00
7.379999999999999893e-01 1.409500339896463394e+00
7.399999999999999911e-01 1.313732950185916515e+00
7.419999999999999929e-01 1.498502450832074340e+00
7.439999999999999947e-01 1.186820237026039893e+00
7.459999999999999964e-01 1.125903760816701737e+00
7.479999999999999982e-01 1.149444727050317194e+00
7.500000000000000000e-01 1.497735009442981990e+00
7.520000000000000018e-01 1.297662307878629351e+00
7.540000000000000036e-01 1.150692622663187725e+00
7.560000000000000053e-01 1.112026775975011317e+00
7.580000000000000071e-01 1.095655316695805181e+00
7.600000000000000089e-01 1.203658162950241195e+00
7.620000000000000107e-01 1.132613008129506493e+00
7.640000000000000124e-01 1.358448742369109175e+00
7.660000000000000142e-01 1.345364854744506067e+00
7.680000000000000160e-01 9.961026016857783549e-01
7.700000000000000178e-01 1.382410863373514376e+00
7.720000000000000195e-01 1.070917778476446758e+00
7.740000000000000213e-01 1.203076981690053948e+00
7.760000000000000231e-01 1.196927952830574959e+00
7.780000000000000249e-01 9.793503635885167924e-01
7.800000000000000266e-01 1.062426537140462424e+00
7.820000000000000284e-01 1.116988109698274112e+00
7.840000000000000302e-01 9.529138980068340148e-01
7.860000000000000320e-01 1.160745633130310095e+00
7.880000000000000338e-01 9.145213562515408512e-01
7.900000000000000355e-01 1.241162453745593197e+00
7.920000000000000373e-01 1.057846523930571880e+00
7.940000000000000391e-01 1.188772430305308214e+00
7.960000000000000409e-01 8.759815121490387435e-01
7.980000000000000426e-01 8.504592705536661024e-01
8.000000000000000444e-01 1.031094787396663826e+00
8.020000000000000462e-01 1.089685685583909658e+00
8.040000000000000480e-01 1.194582495399141298e+00
8.060000000000000497e-01 8.210965637123260885e-01
8.080000000000000515e-01 8.610627946467643845e-01
8.100000000000000533e-01 8.772508767342237501e-01
8.120000000000000551e-01 7.952810704177368795e-01
8.140000000000000568e-01 1.140887803809640832e+00
8.160000000000000586e-01 8.599223897241538017e-01
8.180000000000000604e-01 8.549250264112245867e-01
8.200000000000000622e-01 7.374999743239504246e-01
8.220000000000000639e-01 1.079798041346352822e+00
8.240000000000000657e-01 1.084742977245593432e+00
8.260000000000000675e-01 8.154591786195695136e-01
8.280000000000000693e-01 7.569898771099983215e-01
8.300000000000000711e-01 9.709935638413219605e-01
8.320000000000000728e-01 1.054024020849881449e+00
8.339999999999999636e-01 8.283613182702108668e-01
8.359999999999999654e-01 8.729220786890865558e-01
8.379999999999999671e-01 8.108163555244013443e-01
8.399999999999999689e-01 9.687805601317209803e-01
8.419999999999999707e-01 8.491354240382207319e-01
8.439999999999999725e-01 1.024428656133254734e+00
8.459999999999999742e-01 8.396570421977557208e-01
8.479999999999999760e-01 8.328895769847719510e-01
8.499999999999999778e-01 1.030171600280040511e+00
8.519999999999999796e-01 7.320459023025025491e-01
8.539999999999999813e-01 9.437236549446353928e-01
8.559999999999999831e-01 7.511997127696026233e-01
8.579999999999999849e-01 7.581985350512460142e-01
8.599999999999999867e-01 7.612773498192096921e-01
8.619999999999999885e-01 8.422441722936101494e-01
8.639999999999999902e-01 1.102786422569919322e+00
8.659999999999999920e-01 8.256144220799809252e-01
8.679999999999999938e-01 1.029382728038040540e+00
8.699999999999999956e-01 1.028619666050253789e+00
8.719999999999999973e-01 1.026856868958329949e+00
8.739999999999999991e-01 1.136903659644435516e+00
8.760000000000000009e-01 8.366323422903596541e-01
8.780000000000000027e-01 1.036283349054612835e+00
8.800000000000000044e-01 1.131623260971035494e+00
8.820000000000000062e-01 9.965648530157680263e-01
8.840000000000000080e-01 1.235477613352550019e+00
8.860000000000000098e-01 1.014736805718430501e+00
8.880000000000000115e-01 1.204766611590815772e+00
8.900000000000000133e-01 1.110389484058219356e+00
8.920000000000000151e-01 1.266402282990013006e+00
8.940000000000000169e-01 1.190027009397187863e+00
8.960000000000000187e-01 1.208578941483306801e+00
8.980000000000000204e-01 1.326727860924709734e+00
9.000000000000000222e-01 1.122955414792332851e+00
9.020000000000000240e-01 1.292296176499499127e+00
9.040000000000000258e-01 1.181407570578835386e+00
9.060000000000000275e-01 1.355333611806580407e+00
9.080000000000000293e-01 1.296658847664603931e+00
9.100000000000000311e-01 1.535801050760351449e+00
9.120000000000000329e-01 1.346666738179283840e+00
9.140000000000000346e-01 1.729568732716006751e+00
9.160000000000000364e-01 1.831383304002974333e+00
9.180000000000000382e-01 1.918595032418872082e+00
9.200000000000000400e-01 1.760222669555036257e+00
9.220000000000000417e-01 2.149586778491067829e+00
9.240000000000000435e-01 1.891920547778425554e+00
9.260000000000000453e-01 2.359944248194919325e+00
9.280000000000000471e-01 2.368383123047413719e+00
9.300000000000000488e-01 2.650595848231688034e+00
9.320000000000000506e-01 3.104778256491810051e+00
9.340000000000000524e-01 3.133052636272036118e+00
9.360000000000000542e-01 3.418785688945577661e+00
9.380000000000000560e-01 3.594251417630726309e+00
9.400000000000000577e-01 3.842758366477533993e+00
9.420000000000000595e-01 3.758105179015278186e+00
9.440000000000000613e-01 4.155096372931316395e+00
9.460000000000000631e-01 4.007299148486763940e+00
9.480000000000000648e-01 3.718083579387845283e+00
9.500000000000000666e-01 3.768041774719152581e+00
9.520000000000000684e-01 3.778735288331294129e+00
9.540000000000000702e-01 3.424179719275803002e+00
9.560000000000000719e-01 3.426147520966854820e+00
9.580000000000000737e-01 3.029675756607753456e+00
9.599999999999999645e-01 2.648687762757112374e+00
9.619999999999999662e-01 2.342476850078873518e+00
9.639999999999999680e-01 2.381594385972997330e+00
9.659999999999999698e-01 2.185610241550923316e+00
9.679999999999999716e-01 1.914907734142333284e+00
9.699999999999999734e-01 1.837915315032130792e+00
9.719999999999999751e-01 1.461219299449914688e+00
9.739999999999999769e-01 1.472612601082071926e+00
9.759999999999999787e-01 1.112947052395833136e+00
9.779999999999999805e-01 1.138819457878451624e+00
9.799999999999999822e-01 1.203918521010452825e+00
9.819999999999999840e-01 9.586289910951026894e-01
9.839999999999999858e-01 1.242834465889684603e+00
9.859999999999999876e-01 1.217667761986866548e+00
9.879999999999999893e-01 1.220859339407327937e+00
9.899999999999999911e-01 9.654069427830853645e-01
9.919999999999999929e-01 1.028565182388422761e+00
9.939999999999999947e-01 1.028677706532028724e+00
9.959999999999999964e-01 1.118985345384116092e+00
9.979999999999999982e-01 1.026643255245373032e+00
1.000000000000000000e+00 1.005381866877595121e+00
1.002000000000000002e+00 9.756510266293565437e-01
1.004000000000000004e+00 1.094860186970177507e+00
1.006000000000000005e+00 8.763794507189694993e-01
1.008000000000000007e+00 8.842704085094527100e-01
1.010000000000000009e+00 1.093500357562913194e+00
1.012000000000000011e+00 1.017210964508512117e+00
1.014000000000000012e+00 8.772559021568052673e-01
1.016000000000000014e+00 7.604096468103114237e-01
1.018000000000000016e+00 8.713907743830271446e-01
1.020000000000000018e+00 8.635212696039819003e-01
1.022000000000000020e+00 9.447431268279928851e-01
1.024000000000000021e+00 1.060080435752490446e+00
1.026000000000000023e+00 8.379402727001079576e-01
1.028000000000000025e+00 8.892878761069776816e-01
1.030000000000000027e+00 8.438607778044256991e-01
1.032000000000000028e+00 9.113485678130293088e-01
1.034000000000000030e+00 9.745615317662992272e-01
1.036000000000000032e+00 6.720331370192981213e-01
1.038000000000000034e+00 7.615870842831485854e-01
1.040000000000000036e+00 7.246189198630743622e-01
1.042000000000000037e+00 7.675763370970453137e-01
1.044000000000000039e+00 6.610136728065907352e-01
1.046000000000000041e+00 7.632384178902528182e-01
1.048000000000000043e+00 1.069665078123201996e+00
1.050000000000000044e+00 6.209005438821456613e-01
1.052000000000000046e+00 9.104144647825873626e-01
1.054000000000000048e+00 1.018199370936876624e+00
1.056000000000000050e+00 8.792846877493641911e-01
1.058000000000000052e+00 9.691328236504638260e-01
1.060000000000000053e+00 8.660490694615265994e-01
1.062000000000000055e+00 5.804939825785840890e-01
1.064000000000000057e+00 6.887906468456665987e-01
1.066000000000000059e+00 7.744261058779418061e-01
1.068000000000000060e+00 6.254563093804297313e-01
1.070000000000000062e+00 6.389748013329139553e-01
1.072000000000000064e+00 7.440979377430914088e-01
1.074000000000000066e+00 6.346888736085711802e-01
1.076000000000000068e+00 8.124081061824566241e-01
1.078000000000000069e+00 9.447766945157536345e-01
1.080000000000000071e+00 9.652811475004365871e-01
1.082000000000000073e+00 7.805379470374419482e-01
1.084000000000000075e+00 6.614975829454216028e-01
1.086000000000000076e+00 9.195743780893502750e-01
1.088000000000000078e+00 8.843560759369341051e-01
1.090000000000000080e+00 6.237119789894537414e-01
1.092000000000000082e+00 6.279555454834583328e-01
1.094000000000000083e+00 6.081179810657137974e-01
1.096000000000000085e+00 8.076726624605653493e-01
1.098000000000000087e+00 7.417774947196965618e-01
1.100000000000000089e+00 9.304061236486623754e-01
1.102000000000000091e+00 5.975644574014279398e-01
1.104000000000000092e+00 6.877531772500188323e-01
1.106000000000000094e+00 7.903133028083692002e-01
1.108000000000000096e+00 7.418019795957088158e-01
1.110000000000000098e+00 5.721312629891924795e-01
1.112000000000000099e+00 7.433757448908735466e-01
1.114000000000000101e+00 8.459835418964256615e-01
1.116000000000000103e+00 7.922172168946297610e-01
1.118000000000000105e+00 5.573429113248526967e-01
1.120000000000000107e+00 7.340481687411808398e-01
1.122000000000000108e+00 5.995672289311636538e-01
1.124000000000000110e+00 4.646330595292095245e-01
1.126000000000000112e+00 8.689585507748895932e-01
1.128000000000000114e+00 7.134878005919627064e-01
1.130000000000000115e+00 5.326953053815033368e-01
1.132000000000000117e+00 1.009627170466246060e+00
1.134000000000000119e+00 8.914436139130794690e-01
1.136000000000000121e+00 5.429882407537470757e-01
1.138000000000000123e+00 4.249138240240640241e-01
1.140000000000000124e+00 7.320880997867170725e-01
1.142000000000000126e+00 8.201230067690552517e-01
1.144000000000000128e+00 8.555685043902357956e-01
1.146000000000000130e+00 8.362868751726929561e-01
1.148000000000000131e+00 5.557133079963131328e-01
1.150000000000000133e+00 6.670168917700873834e-01
1.152000000000000135e+00 4.760409469470651689e-01
1.153999999999999915e+00 6.334113199779841663e-01
1.155999999999999917e+00 7.523561563206141445e-01
1.157999999999999918e+00 1.021528701097352387e+00
1.159999999999999920e+00 6.500040231760813025e-01
1.161999999999999922e+00 6.212871536181984178e-01
1.163999999999999924e+00 8.199035937902580118e-01
1.165999999999999925e+00 7.935699392356010407e-01
1.167999999999999927e+00 6.518534916956681968e-01
1.169999999999999929e+00 6.340816870882487466e-01
1.171999999999999931e+00 3.907143525703322684e-01
1.173999999999999932e+00 6.737851400264111001e-01
1.175999999999999934e+00 4.284637988983007739e-01
1.177999999999999936e+00 3.335465841523338471e-01
1.179999999999999938e+00 6.932808205379851207e-01
1.181999999999999940e+00 4.616333378053162351e-01
1.183999999999999941e+00 7.089845291047102149e-01
1.185999999999999943e+00 5.454280252307370791e-01
1.187999999999999945e+00 5.320224530632217119e-01
1.189999999999999947e+00 7.201555635874776762e-01
1.191999999999999948e+00 4.940020579647189658e-01
1.193999999999999950e+00 6.682587884619431984e-01
1.195999999999999952e+00 5.762349617147678460e-01
1.197999999999999954e+00 7.327852252599945659e-01
1.199999999999999956e+00 6.680219276470764633e-01
1.201999999999999957e+00 6.024356416212252041e-01
1.203999999999999959e+00 7.513113343583273096e-01
1.205999999999999961e+00 7.340577862555965893e-01
1.207999999999999963e+00 8.519113082416743810e-01
1.209999999999999964e+00 7.148302993631501234e-01
1.211999999999999966e+00 4.467439504136081485e-01
1.213999999999999968e+00 7.054857775375108497e-01
1.215999999999999970e+00 7.052638232311141397e-01
1.217999999999999972e+00 7.942599460059672767e-01
1.219999999999999973e+00 5.362719285395549651e-01
1.221999999999999975e+00 4.976958959219390244e-01
1.223999999999999977e+00 7.142171668460460809e-01
1.225999999999999979e+00 3.586478555467796925e-01
1.227999999999999980e+00 7.540086883129729634e-01
1.229999999999999982e+00 9.053944810147264155e-01
1.231999999999999984e+00 5.395868514888412237e-01
1.233999999999999986e+00 7.031929805846508508e-01
1.235999999999999988e+00 4.951145505094938781e-01
1.237999999999999989e+00 8.503535068167585864e-01
1.239999999999999991e+00 9.760526721827651464e-01
1.241999999999999993e+00 6.101258105971786305e-01
1.243999999999999995e+00 6.410238552405962409e-01
1.245999999999999996e+00 1.053849410522511132e+00
1.247999999999999998e+00 6.343892967419424433e-01
1.250000000000000000e+00 6.713398712400615587e-01
1.252000000000000002e+00 7.270129962434654924e-01
1.254000000000000004e+00 5.827630429866477169e-01
1.256000000000000005e+00 6.391581189069107660e-01
1.258000000000000007e+00 6.561512006108070061e-01
1.260000000000000009e+00 8.351213206123332400e-01
1.262000000000000011e+00 6.294636878804467095e-01
1.264000000000000012e+00 9.365868094713049041e-01
1.266000000000000014e+00 5.924142080558569834e-01
1.268000000000000016e+00 7.761153161443571369e-01
1.270000000000000018e+00 6.119571366842005977e-01
1.272000000000000020e+00 8.456183566888723080e-01
1.274000000000000021e+00 4.932794591894690828e-01
1.276000000000000023e+00 7.633050289799396815e-01
1.278000000000000025e+00 7.942365362974235232e-01
1.280000000000000027e+00 8.259387218305612732e-01
1.282000000000000028e+00 9.266390936479914631e-01
1.284000000000000030e+00 8.930478905961642955e-01
1.286000000000000032e+00 3.724570971389923324e-01
1.288000000000000034e+00 7.344774180059356894e-01
1.290000000000000036e+00 1.060564689983313880e+00
1.292000000000000037e+00 8.346478003269197643e-01
1.294000000000000039e+00 4.358778172303373055e-01
1.296000000000000041e+00 6.548526472542028909e-01
1.298000000000000043e+00 9.357301297900375570e-01
1.300000000000000044e+00 8.684747524275557851e-01
1.302000000000000046e+00 8.110532100937692945e-01
1.304000000000000048e+00 1.151975223744031940e+00
1.306000000000000050e+00 8.686858447005574302e-01
1.308000000000000052e+00 1.151968927498424833e+00
1.310000000000000053e+00 8.479110874869372205e-01
1.312000000000000055e+00 1.093100634638912272e+00
1.314000000000000057e+00 6.341618338918413311e-01
1.316000000000000059e+00 1.272836869455529429e+00
1.318000000000000060e+00 1.148996095170652820e+00
1.320000000000000062e+00 6.453921455127913376e-01
1.322000000000000064e+00 9.436180067495972823e-01
1.324000000000000066e+00 9.477289615074009355e-01
1.326000000000000068e+00 7.887861286797234195e-01
1.328000000000000069e+00 6.254937552950821100e-01
1.330000000000000071e+00 8.786641275061082279e-01
1.332000000000000073e+00 1.209616648038172260e+00
1.334000000000000075e+00 1.413549230277100444e+00
1.336000000000000076e+00 8.644624588868115023e-01
1.338000000000000078e+00 9.526031902980741650e-01
1.340000000000000080e+00 1.034693071648772777e+00
1.342000000000000082e+00 1.292910245030202132e+00
1.344000000000000083e+00 8.486839178157467023e-01
1.346000000000000085e+00 9.806843227345086733e-01
1.348000000000000087e+00 1.164050254128486062e+00
1.350000000000000089e+00 1.296765596761048522e+00
1.352000000000000091e+00 1.083289014802885530e+00
1.354000000000000092e+00 1.139829298772715438e+00
1.356000000000000094e+00 1.196851963180051159e+00
1.358000000000000096e+00 7.337862251925336698e-01
1.360000000000000098e+00 1.071560295943697838e+00
1.362000000000000099e+00 7.322323521807651003e-01
1.364000000000000101e+00 1.090435482975781634e+00
1.366000000000000103e+00 7.969721740015258682e-01
1.368000000000000105e+00 8.973883086629240724e-01
1.370000000000000107e+00 1.380207306549592561e+00
1.372000000000000108e+00 1.154521797880209144e+00
1.374000000000000110e+00 6.331556655497867503e-01
1.376000000000000112e+00 3.089519910855514917e-01
1.378000000000000114e+00 3.725699054529382215e-01
1.380000000000000115e+00 1.275145295610571550e+00
1.382000000000000117e+00 7.369228827351180788e-01
1.384000000000000119e+00 4.109367673275045596e-01
1.386000000000000121e+00 5.814266642819234665e-01
1.388000000000000123e+00 1.608892649044640688e+00
1.390000000000000124e+00 8.000465905894512675e-01
1.392000000000000126e+00 7.699542319210488373e-01
1.394000000000000128e+00 7.737029927909969684e-01
1.396000000000000130e+00 3.291424325828260500e-01
1.398000000000000131e+00 1.267561395305407679e+00
1.400000000000000133e+00 4.241956781400699206e-01
1.402000000000000135e+00 1.633842426666493708e+00
1.404000000000000137e+00 7.337479252769010252e-01
1.406000000000000139e+00 6.482526151579144358e-01
1.407999999999999918e+00 8.233472880670547056e-01
1.409999999999999920e+00 8.534715948663685881e-01
1.411999999999999922e+00 1.139485071163161223e+00
1.413999999999999924e+00 1.157779997805433059e+00
1.415999999999999925e+00 8.492180550617688395e-01
1.417999999999999927e+00 1.140265327507360427e+00
1.419999999999999929e+00 2.028247665696256696e+00
1.421999999999999931e+00 1.190432155595472219e+00
1.423999999999999932e+00 2.243212482673371255e+00
1.425999999999999934e+00 6.549253966101127311e-01
1.427999999999999936e+00 7.991556985743184516e-01
1.429999999999999938e+00 8.031494813564223900e-01
1.431999999999999940e+00 1.423727513355511842e+00
1.433999999999999941e+00 9.569622507994823835e-01
1.435999999999999943e+00 1.338703901942468910e+00
1.437999999999999945e+00 1.295470770333100319e+00
1.439999999999999947e+00 1.305051727823101304e+00
1.441999999999999948e+00 8.344953221037583191e-01
1.443999999999999950e+00 5.454955399438704555e-01
1.445999999999999952e+00 3.401802547421173273e-01
1.447999999999999954e+00 1.312866092904043880e+00
1.449999999999999956e+00 7.451187721293793809e-01
1.451999999999999957e+00 4.200752347935231557e-01
1.453999999999999959e+00 8.928363432192323312e-01
1.455999999999999961e+00 1.032983548816061248e+00
1.457999999999999963e+00 -2.866950396253752364e-01
1.459999999999999964e+00 1.878266953029868125e+00
1.461999999999999966e+00 1.319814360455522362e+00
1.463999999999999968e+00 9.186906147716459303e-01
1.465999999999999970e+00 1.999439053852067882e-01
1.467999999999999972e+00 2.063129454357379267e+00
1.469999999999999973e+00 7.265862236110842698e-01
1.471999999999999975e+00 1.623458752733115240e+00
1.473999999999999977e+00 7.973475762783553966e-01
1.475999999999999979e+00 -5.245778294094862737e-01
1.477999999999999980e+00 -1.469898706010232814e-01
1.479999999999999982e+00 7.227317333621270379e-01
1.481999999999999984e+00 1.621586356211642821e+00
1.483999999999999986e+00 3.920076028508241994e-01
1.485999999999999988e+00 1.086049025855888805e+00
1.487999999999999989e+00 5.460938664094987516e-01
1.489999999999999991e+00 2.573479983077803013e+00
1.491999999999999993e+00 1.357907685128307840e+00
1.493999999999999995e+00 6.794454909474586524e-01
1.495999999999999996e+00 6.026308340760068161e-01
1.497999999999999998e+00 9.407975199748535022e-01
