# Liste von Punkten
# x, y
-0.732123335 1.338558359
1.554560267 0.913799425
0.247328307 -0.156579111
-0.175777385 1.358289061
1.343997975 0.368766233
-1.414332844 -1.552347825
0.431883946 -0.286434730
-1.549807925 -1.294766395
0.206357950 0.378691915
0.118041204 1.183399000
-1.794476372 0.329360420
1.059140278 1.309119655
0.914873800 -0.610368540
-0.740243078 -0.052129352
-1.168940470 -0.048908158
-0.375748022 0.057745397
-0.863740423 0.028064203
0.321179005 -0.488717356
-0.179297002 -2.095470982
-1.254040205 -0.175767918
1.616088881 -0.375937154
-0.203013444 0.431474752
-0.946440433 0.597340397
-0.602821451 0.482624041
0.704471777 -1.977126299
0.966781291 -1.153433167
0.664825750 -0.655572248
0.405445256 1.947205546
0.378314797 0.696000197
0.522771095 0.479109241
1.182426687 0.224202112
-1.351327040 -2.491742376
-0.595869588 -0.068762292
-1.954290462 0.210849165
-0.323619527 1.601436241
-0.908965305 -0.606634803
-0.670608593 1.076086863
0.415106026 0.584958458
0.195021540 -1.826723235
-1.555902615 1.068259207
-0.667955414 0.657060603
-0.101862800 -0.814474715
1.981331439 0.662098013
1.485650369 1.647674354
0.454756096 0.044550975
-0.444898839 -1.467986692
-0.500819696 -0.671455741
0.052900893 0.308834063
-0.323051856 0.554365083
1.718612736 -1.674788355
0.133691769 0.082818306
-0.625973704 1.362168042
0.213885311 -0.491544484
0.644757045 0.863860115
1.403323759 -0.157997221
1.184052957 -0.449613768
-0.690385783 0.791897741
-1.256361105 0.086096612
0.723770630 1.486867513
-0.931071239 1.814602646
-0.356423301 -0.147939346
0.252914870 -0.288163270
-0.503035567 0.109681856
0.052081383 -0.062432742
-0.392768410 -0.131596503
-1.881465795 -0.476998472
0.202531433 -0.258916448
-1.668504357 -0.462458117
0.988414320 0.936752626
0.629945635 2.071873754
0.627956304 1.096234699
3.253219760 0.501733954
0.554849061 -1.009970961
0.655911893 -0.917294145
-1.610220797 0.489896484
-0.011429398 0.145514617
1.336547473 0.296611704
-0.142951535 0.592872457
-0.978635990 1.117175364
-0.500414407 -0.036033158
0.214354845 -0.569725617
-0.156250162 0.360445683
-0.792105935 0.909422762
0.034424956 1.193174484
-0.128175177 1.004631753
0.777304455 1.295296609
1.135651944 -0.634924190
-0.214665478 -0.318548065
0.152782309 1.957626217
-0.112554734 -0.040664137
-0.425350305 -0.656531634
-0.525864615 -0.686231550
0.413184738 -0.279780642
-0.194136718 0.943818407
-0.750545809 0.677334674
-1.189814387 -0.311386486
0.297003951 -0.554934721
0.776852275 0.611022774
-0.867844897 1.242075718
-1.893158748 -0.033496334
5.744257965 0.036288845
5.290931672 -0.263424405
4.157597804 -0.665994511
4.770784313 0.153484885
6.127038320 0.077414730
3.956636943 1.304018816
3.349322730 1.488543766
5.010478121 0.565371400
3.424135790 0.261657884
6.629223086 1.087504042
5.204647682 0.709498585
5.385739365 -1.363133248
5.698102895 0.293087921
4.054596717 0.284210175
5.693431589 -1.398405375
6.641467619 -0.474774053
6.408327149 2.383703567
3.710398466 -0.155607565
5.134687043 0.957877957
5.358508126 -0.014600892
4.881621094 -0.533374509
3.789625260 -0.045876123
5.639763153 -0.041563094
5.654844317 0.223462962
4.491445209 -0.423289056
4.505424917 0.913568081
4.901742418 -1.169404623
4.868007169 1.762667724
5.252167352 1.123178159
4.829581208 0.772422665
4.922007066 -0.843221349
4.602304596 -0.527109685
3.110313884 -0.088581395
4.951666936 -0.106738964
4.736731253 -1.566260362
3.294546709 -0.451588762
5.034283216 0.945004828
6.815201492 0.806043298
5.848657585 -1.709094931
5.450156567 0.268941441
3.828114451 -0.453244776
4.883694441 -0.584521679
5.377323916 0.569403039
4.651176276 0.309708438
6.966046403 0.827641619
4.324518080 0.161304092
4.372346636 -0.176118071
6.476301074 -0.029265208
5.901061310 -1.950843398
4.375957306 -1.525923432
3.624730487 0.266466918
5.224701874 1.865549470
3.996536389 0.089611323
5.510634324 0.463969754
4.539948466 0.082096835
3.917158123 -1.636648481
4.580166128 2.233025109
5.424278134 -0.419401256
4.752294672 -0.652471522
4.852989902 -0.702385394
6.075887631 -0.306028200
4.001614800 -0.512383048
4.664708161 -1.273978835
4.488098940 -1.671625214
4.749385143 0.415895712
6.026955045 -0.880345204
3.331106601 -0.928881972
5.004380224 -0.693767088
4.424520652 -0.708262264
4.682885226 -0.135335894
4.318764045 0.313797994
5.543480853 -0.322179352
5.513313408 0.702573386
6.121005216 0.249103312
4.564540964 -1.433537658
4.704384591 -1.403362947
4.274949425 1.351074827
5.524574365 -0.440005256
4.888167710 1.499705841
6.019127645 -0.974808773
2.686890468 -0.042342643
5.470125359 -0.477140100
4.597429674 -1.622515229
4.550253708 0.951798359
5.364399242 0.408887290
2.894560213 -1.074830055
4.986702029 0.710513911
3.657247235 0.743194067
6.422357025 -0.211546034
4.179872218 -0.939736473
5.599953890 1.805388743
4.882405263 1.437472156
4.130989043 1.465408396
7.077124005 1.173231508
6.228467183 0.367717993
4.651656602 -1.464203681
5.470202219 -1.111474660
3.566498610 0.487574202
4.251290042 0.421965127
5.665408897 1.432189315
2.629745957 6.602241506
0.549042741 4.465205929
1.177941411 4.641722261
2.947066496 6.266613328
1.939776541 4.224032046
1.462785162 4.002209609
1.281875722 4.760997784
3.405166695 5.948966936
1.144501152 4.081244150
2.671575737 6.377523576
3.998266025 5.095994620
2.622905058 4.949921185
0.087656497 6.500399079
4.093270045 4.213329430
2.542223492 5.899234049
2.602269024 3.696846165
1.691977553 4.334797740
3.178701782 5.161951781
3.512015409 5.894599702
2.252591695 5.342305644
2.966200278 3.744525385
4.214085905 4.424713675
2.173219096 5.439590812
4.144775408 4.288811284
2.146823811 5.623232260
1.224871000 4.857848855
1.727405398 5.456500905
2.366231102 5.388393550
2.530835304 5.848265863
1.075886141 5.197075600
1.518282452 4.841583941
1.059290460 4.842514376
1.484771240 4.308251496
4.278497422 6.402159622
3.631001426 3.578747233
3.116825769 5.309699787
1.674691664 5.763363269
3.476090989 6.902784313
2.196334718 5.989948897
0.096468284 5.262345001
3.370490135 6.523834020
4.945384391 4.320359661
3.749934873 6.194787818
1.816526042 4.898576351
5.420170021 4.686698641
4.190111795 5.896335881
1.464991930 5.614097250
2.342498597 3.498252662
2.228118235 3.592814148
3.540918183 6.015298280
2.493206068 3.930149425
1.850891728 6.269507059
2.403798145 4.644773082
1.071615326 5.609095229
2.113705811 5.408825061
2.313350920 4.401957517
3.371156713 6.002334066
2.532429955 6.653898039
2.217248666 6.198300930
0.747156166 4.194163664
2.562519365 4.300721524
3.183041396 4.862799090
0.921334950 4.080650746
1.434025927 4.915313219
1.947301485 4.410367361
3.356912392 6.124137429
3.731834601 4.761531043
1.493996133 4.487671358
1.274364839 3.844344988
1.711077703 3.467379505
1.829124253 4.675188391
2.301125005 5.402944184
3.369652024 5.828322128
1.719743890 5.509493308
2.961292531 5.253994257
3.656894760 6.440567198
1.625579780 3.960779233
3.504713499 6.216891405
3.348136632 6.016023749
1.833479680 4.275040512
1.483617457 5.146281885
0.925071720 5.570443548
3.757520347 4.547897531
0.860935187 6.194348816
1.308154588 6.627881090
2.482435071 6.283482019
2.914058601 4.755351092
3.483743020 4.913938687
2.860624839 3.468493085
4.156981846 3.334841237
2.053609058 5.278036986
1.263745178 5.492544272
2.939401319 4.723780932
2.875344127 4.270681852
2.514108152 5.152364955
2.305337806 4.132830269
3.881915412 4.020469821
1.904562145 5.458920501
0.813737797 3.974675177
3.678954707 4.314673656
