# Kraft als Funktion der Auslenkung.
# x (cm), F (N), sigma_F (N)
0.000000000000000000e+00 6.510069575113778262e-01 1.797932074551636394e-01
1.215000000000000108e-01 7.636018261667844031e-01 1.702660929818405888e-01
2.430000000000000215e-01 8.630923900784253089e-01 1.752578092089107920e-01
3.645000000000000462e-01 1.057270367219097729e+00 1.047162396146457536e-01
4.860000000000000431e-01 1.040517669200706319e+00 1.149554364789731054e-01
6.075000000000000400e-01 1.084192525404929830e+00 1.340530387693957826e-01
7.290000000000000924e-01 1.015625386746912495e+00 1.765868363318551237e-01
8.505000000000000338e-01 1.300419242403925590e+00 1.595282697332026101e-01
9.720000000000000862e-01 1.456031891700947156e+00 1.242623143984677714e-01
1.093500000000000139e+00 1.550401259931746933e+00 1.240632169564177545e-01
1.215000000000000080e+00 1.763215085474716393e+00 1.727686664128018357e-01
1.336500000000000021e+00 1.694113819646023922e+00 1.960377281871727162e-01
1.458000000000000185e+00 2.046683116959739479e+00 1.452095232031713756e-01
1.579500000000000126e+00 1.984384013411047532e+00 1.396078708651276035e-01
1.701000000000000068e+00 2.242338255204918696e+00 1.861324850212296433e-01
1.822500000000000231e+00 2.273674906331218715e+00 1.304614028014163263e-01
1.944000000000000172e+00 2.529149506559002170e+00 1.757293197533574547e-01
2.065500000000000114e+00 2.544670165556892183e+00 1.426774484748787042e-01
2.187000000000000277e+00 2.703440519977759582e+00 1.291874141737668347e-01
2.308499999999999996e+00 2.779336320563804197e+00 1.653044416506515846e-01
