# U (V), I (mA), sigma_I (mA)
-1.500000000000000000e+00 -5.213037048768825343e+00 1.892154258737792083e-01
-1.409999999999999920e+00 -5.051311373627898504e+00 1.716559429499992517e-01
-1.320000000000000062e+00 -4.840471619273569281e+00 1.204138087331864393e-01
-1.229999999999999982e+00 -4.482321999059749373e+00 1.340615337965366805e-01
-1.140000000000000124e+00 -4.128284991929600523e+00 1.495401577527622483e-01
-1.050000000000000044e+00 -3.840957985730429680e+00 1.296085957187622095e-01
-9.599999999999999645e-01 -3.458348476383308334e+00 1.638080448757306407e-01
-8.699999999999999956e-01 -3.030044018728005550e+00 1.549808142906330399e-01
-7.800000000000000266e-01 -2.718701592147880763e+00 1.689740138964805904e-01
-6.900000000000000577e-01 -2.420397780079238448e+00 1.716003354417523497e-01
-6.000000000000000888e-01 -2.344653408017756124e+00 1.184941992129306398e-01
-5.100000000000000089e-01 -1.633085290772039677e+00 1.388592727466802512e-01
-4.199999999999999289e-01 -1.482058183960601072e+00 1.961652341173256431e-01
-3.300000000000000711e-01 -9.604543373401407402e-01 1.513019659153496677e-01
-2.399999999999999911e-01 -1.018028191384622305e+00 1.784447065123468401e-01
-1.500000000000001332e-01 -5.248861956839377951e-01 1.481506035549523259e-01
-6.000000000000005329e-02 -4.975964901421744413e-01 1.716374418407715097e-01
3.000000000000002665e-02 -2.373284915047394472e-01 1.116193281151394712e-01
1.199999999999998845e-01 2.844169581345416462e-02 1.256638658832583966e-01
2.099999999999999645e-01 7.613904293676510004e-02 1.638911439834408457e-01
2.999999999999998224e-01 4.642753216420999474e-01 1.541029209918214626e-01
3.899999999999999023e-01 4.667470212024348308e-01 1.886824616782300512e-01
4.799999999999999822e-01 5.261553799890037464e-01 1.660598767863419589e-01
5.699999999999998401e-01 4.352311365484469174e-01 1.860192314058657648e-01
6.600000000000001421e-01 4.349786122360908558e-01 1.160457490829853305e-01
7.500000000000000000e-01 6.540493165425316224e-01 1.499592487103834637e-01
8.399999999999998579e-01 5.422753052454339917e-01 1.287996903772339052e-01
9.299999999999997158e-01 7.065343681159910183e-01 1.403032703230473188e-01
1.020000000000000018e+00 8.023154305767949968e-01 1.076876711874203835e-01
1.109999999999999876e+00 6.772109535289745352e-01 1.319484509482828360e-01
1.199999999999999734e+00 6.447596662717501870e-01 1.277835831598341521e-01
1.290000000000000036e+00 7.329203290147291439e-01 1.029589369755414541e-01
1.379999999999999893e+00 8.671734032857519869e-01 1.352699603112600402e-01
1.469999999999999751e+00 9.346365584943139293e-01 1.896796635954952903e-01
1.560000000000000053e+00 1.021865888434160263e+00 1.618725183889145880e-01
1.649999999999999911e+00 1.449694205486863563e+00 1.891390725798402228e-01
1.739999999999999769e+00 1.654006525989924814e+00 1.310987921035478843e-01
1.830000000000000071e+00 2.005969715457772917e+00 1.337777412640646924e-01
1.919999999999999929e+00 2.270789617820658357e+00 1.371734728837923911e-01
2.009999999999999787e+00 2.855142388776042317e+00 1.347547390614533547e-01
2.099999999999999645e+00 3.491066808387230491e+00 1.450384618852410545e-01
2.189999999999999947e+00 4.100748303574893505e+00 1.989949208736135344e-01
2.279999999999999805e+00 5.143198662387206355e+00 1.988183900081649802e-01
2.369999999999999662e+00 6.142631377832475259e+00 1.060308170916712811e-01
2.459999999999999964e+00 7.042151538127828125e+00 1.531823770168766474e-01
2.549999999999999822e+00 8.474213421014692216e+00 1.686874211735871487e-01
2.639999999999999680e+00 9.955475712434015634e+00 1.466319127618266882e-01
2.729999999999999538e+00 1.152273685464697550e+01 1.406317992256762017e-01
2.820000000000000284e+00 1.342935052198208368e+01 1.172869680246151902e-01
2.910000000000000142e+00 1.569250489486149469e+01 1.683415696619531832e-01
